272.3719278142479
241.52049671317502
230.2001713177361
247.76303663548399
267.3547531183612
276.85853311741374
246.62089103935705
220.41055916513088
249.8859731250124
287.7096167335916
261.32357659783725
248.83688381159592
234.24138650037995
234.26437699915715
268.6916459449239
234.48094752905723
243.575536838646
253.44784609669247
286.12968343207064
277.8538329001896
255.55466380352212
260.2784706173699
300.75214746588017
295.9443071941681
261.4969610401616
319.12625655066665
272.470766135145
260.95474876567835
282.75417790543804
242.4584786102947
273.15733299902604
246.22686356715795
260.41545106429106
281.4306427658214
241.43206998071503
252.59433890218594
280.2450488054994
302.4687232993282
283.9562804046964
251.1588227575424
258.5653227620943
248.44260964029235
259.1251809398265
292.6562487949808
239.27816498608735
275.9662046892833
278.9120980723709
287.7090014616581
217.53350092632104
257.87729433192226
250.9315370432006
230.51170141009698
281.5759711928409
263.4228239742955
263.0128883301136
254.48168550958502
251.01927598395187
268.43410632197396
260.7053259795134
235.20065475401006
261.4212599969155
253.83060305982102
246.98733345488841
245.3050388204914
287.09010927229184
250.47544344849203
268.4846878754347
276.2932105120725
306.9986681222702
270.34473659614093
305.18390139655565
257.24234601270393
254.03980754987344
269.36702425848387
236.4843594512526
279.13581556133903
222.98417913134415
265.78196264132384
253.3669194515785
276.25163277508574
257.4982241387903
276.8466102347377
270.6462374621923
271.5404902307189
233.09476971209367
291.36763948935345
248.74209412848802
263.2467665622735
272.1989942135955
262.9687357327733
267.5686409365376
282.07189360137784
262.3681927050674
254.15356747548333
262.7143491445244
255.84297818854657
257.162770845642
275.92139831531927
237.94555201506319
237.78394166920646
241.74642943757465
252.05167705404372
234.1428387997752
268.903191678519
288.82450877133306
265.22271796622243
290.4038269536195
233.3191849841141
262.47674436566894
256.03588435605053
283.6868132868752
267.18957115061176
283.87736232148745
251.04738568197968
276.9944305240343
270.2701208787756
277.2802099688315
253.98553553868015
266.3777899671983
264.25376130724294
263.7265898346595
257.16597477469776
276.43768406250524
284.72716151554727
258.67491933383906
250.16175679217167
259.28162390749804
256.78151453264934
242.938345580899
271.4070028338314
176.7955082649306
270.9983070082011
268.3519578711896
260.8139789643013
295.762036971555
259.9764452625586
241.6769029001148
263.4813762132066
267.02597876647997
306.4467006674347
224.96295059893137
280.3425642863296
255.03694729502655
275.3365743632286
286.25250631522135
237.31986393779565
242.59571590992468
266.36422315059474
219.68150175230687
252.0776351785169
238.85101473297541
286.73522135767325
270.0333228647353
302.1650631605174
273.21805957211404
219.64773912829946
266.16109667798537
289.92810885525387
241.85658026310693
284.8780789538934
222.44664294131735
271.3871301626277
236.8970686111344
290.88355804656044
282.2987515013907
287.1168108737545
285.7574928981011
234.86025440656113
285.7289405302321
274.06956025313457
308.01161765034783
272.04170945453006
283.72007690831606
254.13779003502611
309.86414724512156
255.2243869331389
263.632203251542
255.327479250537
280.95593505574556
286.8845343398069
286.86102257102755
231.8319015779089
275.20703908172015
277.63261571963307
298.5301519456947
252.4742582219788
280.2843553836408
-1193.412378763113
288.599448525027
289.2013264117609
254.30460133330376
270.635157629927
268.6592974042536
269.795162105498
278.2444075826671
277.1686661531647
277.61974744149734
255.02999383815427
269.14876393171687
257.10000576496464
254.64513754098505
274.3695484838812
221.96872054540765
259.1294644254508
245.01851637199505
267.32821862107204
275.00761064050084
230.91141755235546
251.9603006741507
249.60956928607763
216.3757843556205
290.06649828703894
263.24698874183696
276.4171195580491
272.0856324441038
252.59634900176113
260.8906683864979
286.2919151117784
249.07715786514257
260.6365017132963
283.6019728503592
241.18630845495983
268.657540846885
267.74924467748974
-1022.5060283633616
244.75822395679734
231.69398650756085
259.5695596841498
281.74683406121665
251.10884311571655
246.72707562480957
284.6139243886351
244.90367127378937
271.57748249485405
273.3163419686757
268.45636904079845
254.97494585900074
234.03935398976847
220.213458703258
251.24786455945144
220.80993140457497
231.96137475886482
257.13128179388764
231.08574003760512
308.6950545327544
225.6556582800838
294.139590778576
283.2980300160567
324.2717837701372
247.57040420923266
279.8289638754718
293.24228017095385
233.63970615680637
225.66614392951033
229.10234651626354
270.34788470072834
236.75253383270757
281.34488290305956
255.82702362878936
243.33739593441607
262.8739804736622
283.4744979391422
281.0794521961798
224.25301236609823
289.39305829627267
184.33148578784483
259.68711669128686
226.11111276841876
223.19433228036397
248.51025664393867
255.3328586061464
229.18763634105233
275.0671518950121
219.18719282808667
270.30217650532074
237.32987696834365
260.7013238008662
253.73656733419176
283.03855440949826
222.64346450044098
289.2236094355569
245.9786282010882
287.3415489422982
266.845702938726
273.8075046945122
261.33567702903173
240.7429840210327
267.1041218997142
231.9361612855225
222.8647152045467
261.2937293342625
254.77054607640764
271.4827234235852
285.2359263652237
285.5351335080386
232.55766587079077
270.4620066717711
306.35883107649323
298.02358567817726
246.81565500955827
240.7864712475843
263.6674016956389
240.2216125116735
227.56285708217519
263.722445808242
263.8631299478918
266.55571507874345
257.83022736296397
236.80613827147604
249.86471887618066
274.69135316472426
253.05008074023317
282.1547372316383
261.4747724659078
242.07230209392074
-1078.6749263186332
269.32718325787596
253.48153147793954
252.95652531344967
306.53607287979895
261.6776720579546
295.57294063232433
262.1427093070764
240.27402808051264
236.09065551891388
270.57373099619315
251.78144642635075
258.1306134299302
254.67106138387012
253.4708044509618
240.91623749280808
282.91331564021084
262.5203216920881
215.37019509474192
277.2103299162203
244.06804093996948
267.08317021114783
252.17978993190806
231.0638624278816
262.70956899455723
282.2347350601923
299.35203070852924
236.35254700074302
269.91563422155804
220.9982647805985
236.5130342430285
264.4647727671761
309.0027264457517
251.86184936381218
263.6066600598035
233.3229870072433
298.23515155952987
263.34813627056417
238.38775221933903
259.24294988306957
257.13967688646665
233.63985294779138
267.83277505541145
268.1231419949321
274.08147737886117
267.34471391385773
281.30661109711883
276.0945987713977
255.72066838011315
254.039298886361
298.1996370585513
250.45714708159707
243.4809296024451
303.11162142235094
291.6432357299258
254.22513116975364
257.1838498654397
280.6038486399241
250.84205956998022
262.96427665660144
220.63435178809124
-1092.7317454453712
289.16539157090347
258.52478109038964
244.07082019669772
267.2028216380146
294.3282495661132
268.4315854572593
248.3273727981449
176.82257906112437
266.76304940714635
261.7048086322856
242.22804473312794
236.51091765461692
238.18174784850115
280.34082771907447
297.95392529395315
266.5495174305147
245.22829617208535
262.5843307938578
274.7196657317735
288.4236219699205
257.70633191329546
277.39621627316274
248.64166733611052
276.3998842760275
275.05160729540364
234.9756733009022
233.79042889880859
279.03918884165216
246.23534581894637
258.5004742441979
243.35417119189077
227.25839236448428
249.54512076134148
253.50560981249498
289.35509704687536
286.1338940561832
250.4936971406512
249.9307009014999
247.7220432254991
246.19755348657935
285.1796855051284
233.82145764449888
235.1428663694945
288.0101995812107
228.57751302253598
262.03487800642984
240.03696321439259
273.7337772291399
262.9808050945244
260.5807629690975
288.59366152300123
286.52236790039274
292.70934215694973
298.5262703333311
253.60268933265885
235.35817206609764
250.87364233606206
272.7350510973667
286.91747296713197
270.03619070344155
247.73117370992478
291.0838805787567
247.88551706484796
269.20527618453207
280.9421591664624
298.25894710882477
270.8610348437335
268.60936718950677
282.0998323261505
272.25044474940944
251.65601649814693
250.74443746009214
276.7298924912328
273.4900520330366
254.16653461469872
284.765557485201
275.1744431470084
284.76789637562433
249.86220499967214
238.17311889360823
251.6554378621589
254.9266245961296
240.3754847670622
256.69555071431114
292.452253593774
270.13142084943
250.6788840349573
272.14478194262995
232.91185011045349
271.5985638302003
281.53956779189775
255.92307830393617
285.5704424495432
272.933846094134
254.24172560338894
229.26163623309054
235.1291389228251
252.04968977127135
250.74298568922217
262.0486519051922
249.11342586999604
250.8588737819487
273.9927415476709
281.0979205411048
291.8459961514185
263.4389955547297
289.7733410233046
224.7467434273928
269.6174976200001
257.48085794259407
290.67950093477083
280.3559422269341
262.1587105062631
267.5563702997373
240.8861204377814
263.3339313067519
284.16942558361666
276.98770510363534
228.0261665417873
278.5288518130254
288.7832328895016
277.75668069957493
219.4755218589475
272.6166295652491
266.9394078721948
213.2484892834702
252.45207107110133
261.57091212907665
250.37295495791804
254.50587465468317
283.1245825917126
234.16261536221216
257.4814183262647
266.0373388352693
263.844864860433
237.60494017448883
275.0799174585079
232.52934340938845
231.52536353214785
239.43146955275773
229.1020108142738
301.1392927725313
281.65823562694214
256.65229700982854
-1088.0791839894512
296.2102060137819
272.7466348680357
262.12962063771806
248.19490007174582
296.1835889250108
268.32111916009137
228.15310184929837
258.8258231293034
288.0404198440533
276.7735844726499
268.85187690933765
297.9083067604579
282.3001154175504
228.35552104244348
238.17020898581293
257.4826909111357
239.37333631420552
236.70116150398692
270.45516578621994
276.29703666373734
257.4150061056887
270.93986486498693
275.8375244289741
256.23208434507535
258.3929653493552
237.99789869565467
240.42932287600323
277.37152711559065
298.07882065873935
259.33733302845314
265.18175608089507
275.3732935715626
323.283107537955
247.68635113156347
249.9567732995468
282.17102840477105
259.62643544459263
269.39614027206346
228.70866189187015
265.6843426295484
263.03647949848676
246.19424339805155
265.8342419556468
231.34189387839308
245.8295391567108
279.6020077235628
238.7631494638427
251.38874641597295
228.4035641358115
243.57530815749834
254.7746215780005
260.7113735265601
307.70968982488216
294.18329575343535
240.91365209885035
272.58492922763884
260.0836665620709
264.0311239493672
231.74392545134884
266.17475434365514
233.63404992064784
265.0453200947717
276.7416464717504
306.6933659921642
241.22287932941265
284.1131229435719
253.18526030433227
256.1773287706262
285.70814158889004
261.55316790388275
240.7915155690386
270.45030522214836
275.6515425962024
270.66611690882866
254.6850215612599
254.60171656250122
293.9706180468361
271.70066430356894
249.291131809276
274.854716969411
265.5285227520465
264.8532462965853
244.6188216170721
257.0560320784492
253.402811799056
239.2772199227977
285.6741581582521
290.758364218285
269.2091579646469
247.6048806116968
255.48051126813246
242.06720074278647
266.0835339177543
267.9215067645768
238.4130663275114
285.850953292801
227.21863089255555
266.59419962195165
247.50191890088303
249.7645802693144
250.62959723877785
267.4413274608289
260.6885340975556
265.0667115721297
275.79245446130574
282.87087427369744
225.70133724610514
275.72080411969193
271.3754526180627
242.4877946814863
284.6610633257499
238.49715136853933
262.7749218209287
309.7963001777964
267.5637372364911
260.02672026941326
277.7487586087203
264.49957935309385
-1136.553433508329
217.82195600779073
250.4933323461654
216.94454520507207
237.82121858111535
255.50626191397245
287.11914986029365
263.27948700131924
242.7803809637256
312.3582649119162
259.3635895698118
228.01029422664007
266.1706314952365
299.77079978603405
266.4365131168249
285.28049043015415
258.8060151592387
253.02417547224798
225.60123130825662
283.8146641060439
273.5207939372238
263.65434616475875
252.59438943448862
286.93804391273216
252.3837529012538
270.32481805888494
247.65798981882793
242.54125511693428
220.78224870642975
282.4210790796873
306.35894917226506
249.33912943805944
272.50420953055414
273.36387968756367
244.7133191573918
278.2930544081979
285.816148267137
290.82986794191584
308.165930824194
263.3765178399513
248.377161697869
249.2542381940373
280.8528253445235
274.44608163448595
275.6452121393512
246.7530089060579
228.81181019089496
284.30666162287923
276.42984998345537
307.34254545826917
261.28208908465155
254.98479724463832
266.8493830921467
225.99737523194727
310.3464668213127
248.88391432045734
231.4471075833044
240.14949578213117
264.1196085937138
295.0672728674797
252.14676790062455
290.7250969829805
245.54685496282391
266.2481078225011
282.24284979655465
318.7189685864687
245.64566873698442
265.5869075399046
287.9868281651844
266.5419166769416
287.03609488904465
217.8169817360261
268.82933778097265
219.10061525710358
283.54886163419985
246.58447800096357
272.75164701234246
257.3923069184268
290.06204815933665
295.6598957708469
300.7220706228481
295.8422028648373
269.82673695720723
241.91868555659602
236.0717384814059
270.84612133148937
244.37139005392683
264.5266549039369
284.3075265961577
259.36677040270877
233.00463411702057
254.96726933272947
249.1177512476785
263.83860775026426
251.3300009558831
222.55663321173668
260.7499636433123
276.7527115065815
284.9871313442725
269.3890581181281
239.5441031627037
257.5040723343908
299.5602708096384
282.42632858821065
267.17400002183456
248.88182490622586
242.50807661920905
247.08062075301754
262.9513501089953
301.16030604251864
281.05515541703176
266.2659704622829
279.93925924294547
252.4740147334675
288.30861315063737
268.6135720104237
244.0985441947676
273.80596083172316
256.707011568176
241.80150029580972
254.98488327518203
215.94450112686263
271.8534791085035
258.69865686597143
265.34587632740136
241.1628248794061
265.3745636216121
260.8551224558968
289.3300191763999
310.09024872859516
223.35376608522986
260.75918249413246
295.2164935250705
259.26918291391746
258.54592219547897
259.58783285426193
260.9988491410379
258.2329203886005
307.4245743857517
223.8110289406197
267.28283937639753
-1087.6842619773793
274.03803328861125
295.5901453233529
218.98845441360592
275.0379066460212
286.5264473420886
230.92631983580537
290.4049502433523
228.38774506896618
280.6646192884277
235.3984515310146
263.1918008797157
281.2929102567304
288.33260283327263
233.32622750063754
282.9678450954866
269.88567545331784
223.236511677198
225.56081358096307
263.9291214561213
261.0830417409529
235.2598259640277
238.06658485933767
287.77114040819254
257.05502272397456
273.25957696103376
272.5305602843358
265.1085747458134
225.5746080520931
248.20297957589537
265.03538207650786
269.43381633047056
275.30341165580955
269.65048226493707
265.40773706108536
247.86862779903765
257.432977122387
258.1445130182704
257.31196643370765
230.6274076952302
238.7261895816458
265.30460093124276
-1045.9702800380167
276.3993018920555
265.4978142031691
234.1515827458848
262.7572655117634
261.00871746943113
244.6430984727532
275.39373899563395
246.68661230862057
231.5520501738603
261.65788108107904
307.67027598626885
288.918039426872
264.2506055894755
282.9395818197306
268.979955795711
265.9649796998401
246.70974759811548
271.77100317503294
277.69484005696074
225.09744159922312
266.9588244495043
303.7734715963118
224.5108953122666
270.6196626266171
265.0701285322001
278.55740612410466
275.30240253512477
272.70715521788077
252.33694785043014
275.0938799938059
285.0560606951733
272.2978543417476
245.97620348852504
282.41676063471465
241.9609276932651
252.34464920806144
235.98689620861964
260.55689593905606
266.81630740451436
261.7414257805199
261.671720545786
264.19668857963313
306.57581353047715
271.59806462423114
289.6488896177588
276.1820402525624
281.7528341886299
306.7616689544942
276.9528106279805
277.60052745377345
168.7810678840252
254.34473439141908
258.7440348590069
291.2500608808941
267.6672968555025
276.18442524661623
309.9610010103521
-1061.0891440895232
289.9244571577578
243.27759261530542
298.1110580071731
234.001847418138
276.9751989515487
299.24345149901137
238.31068943700862
286.2079789110006
240.30676382237954
236.81678255283435
270.2630716810529
255.76330735396016
224.40398488320636
252.8301785315471
243.46855634811425
258.25799863024787
249.83238942087678
265.9265053329556
261.767790022855
240.98000125537914
271.72925609734864
225.2474090354383
280.6505942746421
264.0402772814506
233.3072274642868
238.78453265657114
276.94780017984806
255.15191191282662
293.0624346230063
231.62190353053634
260.44549553244536
286.39282508517886
254.65885359989906
252.7127484695804
275.2029543348983
260.9411363705245
280.40469028777187
257.4574558858486
267.5766733972737
276.4273504399446
281.7665214296595
296.0071187029743
274.73270247460977
306.5610184649106
279.49863355113064
230.9492830482644
267.49435111625513
244.59731438908176
227.74091976688226
273.298776212023
258.6242004184994
228.72097241031716
256.2454124128325
274.82697919949453
244.16424384342983
278.8735967223986
276.61203466114256
251.60581919582737
272.3749545209316
280.6902639611716
248.49257755915795
263.66589887883003
280.1861863422564
260.3481275864805
287.3520928596276
176.37223490400845
291.0792108730164
278.39982812365054
243.20314255752305
261.1453523284081
237.14697461871685
254.2390914857546
268.7920456674242
255.1780607696034
242.62178735376364
257.8561984468879
283.3818586013884
256.96951678153994
292.8935920613002
295.09327189397095
297.2962415671346
261.07086275747787
234.0777867572885
312.2154524862161
303.7989727679668
273.80703182552634
258.2705830271558
253.62364764697853
278.25299527197524
284.59285884338885
270.17758535375475
256.4452756637562
296.93075711820086
251.7822466510082
266.49073849787794
265.12749076501274
276.799905321593
276.32189033490636
251.67294012169367
257.4107914152783
259.7240172907307
293.5959996054976
239.9681147419537
249.00344560613962
240.76778321851296
268.8707358086582
230.66936342211747
231.42600052880883
239.87995987226802
251.8984107376767
273.2149649139161
296.0126285591713
291.70504100363587
299.7166705997134
233.2514836921323
252.09551443832032
270.0293139784985
264.0435631477121
262.8122104192058
263.0431175079005
237.0430210629745
269.3886098303018
291.7029442907975
233.5770729854893
234.7297356549189
304.7657032203693
266.094329723966
278.8321451697946
252.10415093795848
270.6565548658589
227.2299871248148
276.6946077079507
223.75001925963667
241.2041574047591
269.7676137333041
271.24207302311453
272.08611406629404
245.48380493385548
246.2275085283016
271.89824472299523
271.0338606840713
273.4467195078273
277.2395487206231
231.67996510362894
270.8886952971243
289.87648256839316
291.21323324195566
287.2340395892197
266.0356866811368
242.77000028911084
281.85743737129997
283.6500988838385
256.1035183405468
264.45065416991224
282.15618306589425
276.36982819523575
244.73955898126457
242.9350568464516
253.02693670706776
258.35326412481703
233.85777095042633
264.1925123025246
269.23540862928456
289.01135787642556
318.48647047000725
245.14512567653338
263.99040506524767
254.98140564203186
263.94492144269054
252.04322458135172
275.8086975519891
250.9426766918473
-1027.652250046293
258.3665368959838
253.611935215913
258.9428547131974
248.8717772781179
242.38178940771195
236.96115265551396
296.6078579828764
234.91523198845812
261.808709997347
239.02581830255164
257.9794321975995
272.47699503119077
272.83265645147907
259.25225833467374
265.3620726790533
275.21109967222486
233.6968982737142
285.1678285761574
290.7344302647569
249.7781733802019
254.24705506067755
277.99409666985537
218.92993805349133
247.85007673906082
283.24101944402895
269.37884745646556
250.39503304666994
263.431957200055
281.08258242129307
255.15155846630987
281.6914103154911
241.33711924907215
239.9757327895358
-1005.60161224037
255.89470347549326
216.90049477619715
264.9222589886391
300.55028420663115
280.2560835136398
235.29820080590991
248.02066179673088
282.87473206470577
273.69097880496383
291.88604433616484
272.2163521543887
261.75005027621336
238.48428602028557
287.844146492492
241.82445390612332
295.04589773868554
276.8547785111248
219.41748822704722
283.52819142196665
250.56632020917115
251.84383864498747
270.2041060824978
298.02708058166246
273.1555208920156
252.38058494864154
263.156382930036
280.92891658872367
228.36103349525436
261.39595115805935
275.2883017233122
264.9076719451014
293.80800762487524
258.92456835478185
255.2749567478726
296.769466919106
283.829249024251
261.3813624239327
228.29677268786978
217.97010929574063
259.1103480059026
252.27620287866782
283.5651880645614
258.95123909809945
248.01474440842702
244.3046097152797
268.5700361271639
257.59729719705257
251.4633336977576
242.07844909858892
270.91802381636137
262.1982596319448
285.8706884396094
274.6065631901968
258.5132017773309
248.63960276225882
259.2346754376127
254.61299489203856
288.79703225967467
252.37663833450674
276.3259926741498
262.39999984311044
262.22709269311133
273.5049789998052
290.2850622032829
239.69384643503554
252.10471874507175
272.7180182826088
265.05083490627953
259.9178986387561
304.41927084445933
233.6056483536598
287.7088318021653
287.3527504484267
257.1269170316739
263.3376413809748
272.41690540575064
232.72529646945867
265.1230657006995
227.87201979588474
256.2466389803739
275.33142720113756
262.94895786190807
251.651189707077
279.04840427955844
278.96474753033874
216.50310443884982
274.37858549436567
261.3896621694878
220.66197364990393
240.9810203285993
268.1297717321007
266.05121740115703
242.91056399684828
257.9772186735605
247.39473166187676
249.84503048758782
260.2983015984914
251.86330125399215
253.76717948261043
272.6703214774689
263.79105003449695
292.96305411061564
219.33890127482218
250.90533510410006
282.92712295772577
257.41458493318083
260.2352344875592
241.466226204115
265.53938782440815
230.64312872735437
279.85616025860134
239.8556838062369
263.7749771282839
248.85525882169037
295.64800469966366
290.6643868026524
245.484411343876
278.1164791677969
248.18226587730436
247.49250277415953
281.46494372793154
292.57384202668226
247.5755054377097
254.74303377016997
299.88907512493415
270.8160730730723
262.80983657965743
248.8643470477973
238.060383056001
268.51696245330635
289.3528744074831
286.46011830033217
283.0103393565392
293.54509918134636
220.06209793156935
285.0009228171539
265.1773432033863
297.4000861887236
236.881594145277
304.41207969372033
256.46892687865227
245.28918731747322
242.34873758423961
263.31979858820625
270.9243596302481
227.04106657168424
283.92567046437796
283.95992673933716
266.17730411519995
266.15808530207613
285.64425012482735
288.4481716252323
239.9771210109815
312.7919753028436
238.95465991980964
281.9064640730757
265.4465512946372
288.0238174264561
271.0138636551832
296.82951088244323
248.85097816877382
237.46396593168538
268.86669338937645
275.01338001325155
259.01097748907796
294.40322638112275
257.97203957124736
289.97356958819125
251.93264750503906
276.8234907307562
255.92778317097427
232.7784703883787
267.6464225268382
287.25626374746633
286.97319059985705
287.17748467371575
274.29378116416535
245.67652392663507
272.9425889924965
286.9000333359661
243.9603536848636
287.43084483667764
290.0401036389948
274.718945235597
291.8969271428581
284.23728371036566
242.39367299962475
294.9450620981693
281.2387363013664
261.9555797972971
240.81451735724775
282.3739178884617
254.28174694786293
276.7463093934693
298.34197236307887
242.87953866241568
271.66191527954504
241.58951063682457
299.6031834514548
293.52558935429516
261.0866860314801
265.5805689942377
260.832622932963
269.8409341571122
276.7202313891013
233.22512137299805
250.5536389586809
261.01034657654964
267.8771076720068
270.5742999088526
255.19651888573642
272.28533586783453
230.12740766829037
262.0081288640843
264.96248921148947
245.39758598690833
273.8744353794056
248.33354937045237
257.33190364623215
281.93819093448496
279.1119603808136
234.68029995709267
252.43067001977104
252.55178376825717
244.3691145701878
318.5737349726179
274.55716070411034
267.87990435041263
264.45694346679426
235.56014206628598
238.23547022310504
235.48272910137075
281.6067970976146
247.11028759324475
248.88867054950475
182.46757827318345
268.1202323183403
229.8654466238831
261.510668209266
278.0685070808165
293.3960787487499
-1186.5126270658254
284.54931734273316
263.57250672086013
266.3642401352699
246.72382827334897
259.75177164739614
291.2285178888303
275.7861746608787
288.11999493275374
282.20364633056
292.3133402908378
273.86903181658965
277.1890692861285
250.40426587598466
257.9090376143706
256.6989248451539
254.98423995787346
237.70718909630605
274.2486591846522
260.0609462335504
290.70041772259447
276.0980647383867
275.830824499827
300.7649878980942
248.52502527577414
249.4798245303524
260.0055915163833
258.57987859814295
251.534465344317
264.3660847734753
270.15949090492194
284.00361423625077
290.04961166995076
287.74364329508364
279.09730779140216
224.01017933523173
281.37365621153845
291.77504617922864
259.3501132943869
280.13925944819266
289.95184198828696
240.13141964388552
268.1232956241393
280.9229696908336
253.74387748586332
299.6483766931491
265.67229085609733
288.03520751625433
285.556173859408
222.08428679134593
255.60534400589614
270.789303597385
258.3237920424876
297.30225125159177
276.54944908302195
245.3860048587889
275.72429972589146
221.95783781048294
253.4726329738447
297.2152625654269
256.00146140595456
241.63005958482933
238.86746009436217
271.87386515403136
277.4080938609184
242.10231469235157
275.67246880799206
242.3446472510845
274.3238900801744
263.77394831713633
262.7554545528604
272.7335867041272
252.47155610333826
294.390874090618
279.66181423176164
248.77257873723497
242.5447978327909
247.99738606680097
263.60699712112694
283.68338975984693
267.7663987024025
244.00510215283333
281.399104148075
254.7803796333313
235.51058126224385
241.4149342484731
272.1911034859621
269.02425988168443
264.87701821265705
242.43257859688111
263.26148808913786
239.6601504362699
268.69971303710406
288.8426922417922
248.5270644703835
263.20085187161743
306.96535963415414
253.63846056006992
267.3769312032124
235.43628730836107
294.13545990694433
233.48238746511282
276.13360882998603
249.2983812423096
247.2851349503102
274.6146235725728
315.34477332941617
315.84749634015463
265.68404150542426
240.32142574164556
272.8085974454214
261.5975852587044
267.7501958645572
237.58918305974436
254.60753443077442
274.3467156333512
270.81048105902306
242.70034179918906
245.08281557219047
250.50578739386853
268.81570527843655
306.5171456443977
256.5283922604034
273.1366496321606
295.92889761398266
283.75262611367543
232.19247757820762
288.6785053645201
296.2008984106368
271.8438054048477
257.8280532013871
275.5553147500483
246.74042227627356
303.608828543343
266.9302666786957
263.39561586521825
247.49230672449863
253.1178978673504
252.30926841120547
275.8733536850073
299.8528861220981
248.54680703198719
231.85332129515027
224.1509674145225
265.6967963669849
274.01536864569596
250.84705779271053
231.0760764891698
277.88950799393194
264.5757460440451
263.3323781648546
243.68203864476325
233.80526050000316
227.43041635775774
247.00196946481458
277.30850233881404
295.12134257947184
283.5742671979891
230.41122220129418
262.7996207282779
285.29210360748084
231.14433506047146
281.3311333299316
229.9949433026796
273.3788175590754
257.7243025785614
277.21718649523126
278.1336822756464
254.18511217174708
264.5913485040889
245.09961696023873
287.6789768336614
237.11168391552215
249.10971812970058
286.28291452743497
232.28999429138736
265.61909609151456
294.6745186487675
243.22753931890873
260.49671820420247
266.34791786502825
265.0262453651352
300.65197924201146
277.27423765350096
268.24913928216773
243.876678216251
269.4779173399444
255.28682920956473
272.17260291882235
320.10676827794384
303.3017463223283
242.50528156911196
243.26210932900625
252.00218057500862
230.42171348757904
280.8262484277256
218.26966673737985
282.17610081849557
278.1346374467301
290.28465926786157
211.30161087818675
311.26400576844367
238.23712332757796
254.6702535619828
268.3230327299798
208.657651141236
265.13212708833674
280.59889435062803
252.0857761904228
227.91422909654705
272.1854787420707
243.55466221653074
294.08161195452857
274.6746363574847
292.588064453956
239.67038602703315
238.51420659258235
261.9935359044517
241.01094190556842
246.46260421636913
241.57526237344788
270.68789639920584
270.78403317870914
277.66407658731964
227.22943593005218
255.2468938131568
253.97290083438207
243.12531425759292
275.0837200643813
285.8828911396827
290.8004311390059
254.01699988959447
271.74156120675946
270.66536317772227
246.48978142498126
283.66382513734357
222.975954331761
276.48341314573037
283.552889215921
269.16991217468717
239.38885274957232
284.3239292222579
245.60432079189016
278.0923400259599
221.4055511860484
252.69566566419422
257.6594837092583
253.39833439950365
258.79407576585567
245.8173909059024
294.7985131014892
276.06542358060005
235.06483403377405
246.44321628110316
285.07618157055265
245.23938556825095
262.51660527091065
275.5002654495168
243.4149403253599
296.5053185771561
259.64374267571
243.9845217406864
232.99636624293834
279.44953539079506
216.14336045423676
287.32763110643583
273.1162140337238
272.4869288564928
295.44920400448143
298.92616682742107
258.8188246184605
261.10289324979954
293.83832802686976
261.10376307219474
290.7090817976223
297.85702732912864
277.4363908450945
277.33475956950207
229.4318940881931
292.576116880397
272.00753648814776
252.4607295731401
224.83870594095873
273.3781619242448
253.62968469667848
248.58405992126546
279.57967277198793
269.28806635074204
245.4694926000634
282.6368598288192
263.2220308278627
242.60445777896064
267.0257110248634
258.93911160631035
267.7359578826498
261.745487130699
273.47860828390674
269.47769992443614
233.6742516899562
235.93431798377733
264.3648603378559
252.692078995182
247.69212197294055
241.82216677665238
263.94970070985136
272.651195633508
273.43651670865427
244.45830629372983
257.34057826605135
263.1683009458612
-1073.509822068517
248.9086472907544
249.65833817694033
264.71298574345303
252.0864927167898
246.7240744087597
277.85475677409465
290.9671058403977
276.64425959309375
291.4897304245501
245.92833145970982
273.18424993163353
292.3909425616479
289.98362178366904
251.40166109417135
259.32174854302
277.8410443930252
287.63538102509284
274.69358416670786
245.0748309773153
272.6797939929512
235.3845641248335
295.9134301094616
217.13601389582215
279.40680584946426
258.47982098422233
253.44035899258276
256.4229990152037
299.4980523143653
260.5108938737612
269.8849890584533
235.31830199726954
270.47715280628177
228.54343852317416
255.42585080061116
291.3235841510915
262.79319726733667
244.03144373322118
240.60717011534865
275.7909306315461
256.34965355286533
248.42176636984007
248.57805375610636
256.2876490833543
287.1638281772796
252.70838697636958
262.81880899869714
278.1418318542316
272.40265514275063
235.363345170912
269.86203650277565
292.27439665547087
270.4135893990232
262.73309386359165
302.2226633123103
297.35972314573723
244.5431774072204
272.44549861645925
278.3459655913563
271.0690356267597
250.75368250714132
260.51205151184297
271.8842603204621
274.87390098716
250.1752181527781
260.17746865870515
265.89301253401504
264.970177553436
274.5666781297813
270.77193657882526
260.74847047340256
231.09147481741653
254.3097110340366
296.96433701783576
272.9027528920752
218.7229054911478
248.41604225949354
256.8084192308394
251.08522364780808
285.9669313281273
271.89177554862215
244.00386702168882
263.13468299029205
248.77021588944558
259.98323167234287
294.8680759633468
272.9964060967994
269.34184847247286
264.8849475919724
240.7691483352919
283.5124890595291
268.4080374691366
267.0625809557861
251.24723351698842
245.90198352720103
262.58894344204765
286.94168402463913
251.70971853946295
266.1948430768439
296.23645187723946
273.15155517523044
259.21395374493716
262.0983413960255
241.90726824674786
257.4532772330275
248.81025580432774
228.4943433961185
239.8253416127133
262.22961944453044
245.48338158765412
230.96019218401742
242.87537385489463
264.4519841882906
309.3839707652745
256.53316002267775
262.19332466008774
274.27271818774057
254.65098132635518
280.37192043323614
259.74833937747144
247.13594441775052
270.3446156275611
228.61867145072148
302.87353894206285
256.7500321942128
248.1488951807308
264.30942207315604
262.03661043864366
278.0478908732997
279.56019346528285
265.0557255360885
285.95517874701227
235.85693766979426
306.4703801767412
251.55239964485278
258.31858259548443
236.0408672918648
242.98795597144462
247.40942391788184
231.23818560623565
225.3769613949255
233.86417191193365
286.6134851389836
256.2074800963353
211.09032675837707
270.6407378149062
280.61219158774213
296.14735170121077
273.2295982006184
263.43644819983905
283.34874566947417
259.87537817646904
279.7212219091648
240.1125316701929
246.31038453928832
288.71904898112575
247.2436311355834
272.5483717170672
268.9783148256281
255.92868973340686
286.970960769177
251.38472808221746
247.16822669880375
221.75906617257556
258.06732754874747
247.39489525956338
299.6856952407335
222.27347115842224
284.96048521217574
278.0447357377683
274.40956241762865
255.01506785427037
253.2240259151486
280.08953288540147
256.3313134791681
293.2988725477599
232.36027336772236
231.0003010086465
228.3766797132633
257.5627318550488
265.3690106254667
233.62405360069238
271.0475387474355
290.2587561291643
287.6140826259963
229.22946338293565
280.2718203298305
286.4312819424632
251.11116803370177
268.23928048982896
305.4276762038793
276.0766799437631
266.6557813996642
268.8034509727636
260.1004152400503
273.99705662068914
308.5336183599791
259.03000381084814
255.67355682234344
271.269312759856
298.1961343096408
300.42472398358075
245.52667828361504
266.14246924587064
230.78769765626362
269.58236507656625
279.30701500155817
275.23778611468754
251.1764434889506
297.95125344775806
258.67228261643106
245.8277911838249
240.08275494365597
292.9720274172649
272.47298478408356
247.51638144204156
245.4301127508472
247.18605061654853
285.2164367810525
230.83952202934015
267.13560188415363
251.4341707746874
287.6119210869091
283.46996276202896
281.7206865343928
242.20205894883082
270.2008881170649
236.5664567176886
241.44049279785088
260.54761317915904
246.95384047145944
257.45818578820865
253.69311738967787
267.853733816546
254.18132333020955
289.424069440146
248.74756004172554
258.0239521241321
294.1307922328681
259.3158860297078
264.49722320761197
224.77138616944018
292.35827264050283
295.30541518318955
276.72728729142625
270.0081818060554
277.6473903697204
261.0219195039282
245.7206178361145
292.6404333624311
267.4443482943252
273.5772424996435
268.98005482220435
260.2241412665154
281.36536375365927
257.27814822580547
268.9931320049397
259.7181923994929
229.95001789429583
245.32383450054022
261.32145086584035
270.7832920977652
249.72910328154092
268.92774337045716
269.5583326265237
272.9901178497898
262.98681001140415
261.39213425653384
271.24547855576606
266.79504594270605
244.94181130094594
256.1168740802161
300.5328840930428
260.08277108176173
250.02816670804907
272.5966252739152
276.17839061681946
227.0047441922457
266.8396522558518
267.59903397838616
263.84058997655916
303.48233891457323
240.10404353810404
227.66571319777543
218.94189302489963
261.25916701456316
283.20094688618485
253.47208366918508
272.3546935444996
215.5030916574559
242.41943516655988
266.5512525403499
250.14207779804647
270.2510619456593
261.90070272860544
232.61756434979253
264.2390325499209
276.4344938718485
235.44035467451437
267.67348646343925
234.50075776596057
243.1787568992699
242.43752382946462
273.01887088710816
305.8530615374174
256.21109020831886
226.21198238620954
262.7249532547987
273.17441788471615
234.00601496190717
227.13480049040612
322.0654718043245
243.1020256868436
292.4986302822675
239.8931375405334
307.1747568508258
272.3829275908587
-1230.5049963277766
257.7527000118422
278.8653588641247
275.846721053725
255.89240912425865
266.90719721229743
267.51016475733655
271.922975428354
290.21164245732774
253.67278671759266
235.4236797191261
259.80647706447587
227.56467134760865
246.6306669121715
258.1868429523089
248.63865393701784
299.5441625155221
298.8146407088694
277.3255181534232
243.09601369706706
259.47431625144765
226.4593500531125
299.236962913301
289.2365214999051
242.9213524775928
285.51031937256937
276.30582135595716
226.12407320057693
246.85775132629536
248.75887780778865
227.65674254632478
256.4106309883343
240.01709150337047
264.6671259518521
288.10409031154484
259.9821074485084
256.090125754925
258.2584754173392
271.00510021834106
241.648967580082
259.257657332412
293.9771636220758
243.08135874465884
298.54171919284704
287.0363698911455
301.03702159940605
274.63246410541296
276.7318928233992
276.56403589392687
256.4190967016847
309.80601729645866
305.83748468713077
231.72879703922368
263.0703596390788
260.81086555719935
288.0083642092279
242.86866377914976
248.8720819130959
265.7471649615294
256.6420719461388
304.4838654682294
238.48895447550743
254.4342453660965
275.02331454059606
274.71105306328576
272.10445397129075
271.1243082295823
298.11591169411906
259.3420074028319
288.6788130906451
260.7648125356496
233.09100648940205
254.2330766254968
254.62770599034926
282.18565915129045
235.44039969885623
255.3061570302442
240.40287361854982
278.79079379776664
282.5797758214129
280.8825910867859
259.75946314930513
279.57297915706056
254.631292985096
250.64809568494417
299.70941405231815
272.1352323621745
232.3071725694411
293.4522196922818
257.6173658761802
236.19177199167606
243.76347730072894
249.5989793149587
259.2086234613788
237.8026085123969
265.8515694588931
230.12737967241853
273.62637962336635
255.81366425684445
250.01953425573558
227.69350407948338
219.66033903066602
271.91666075758104
246.0884174654966
259.2029923002294
250.5449000975126
222.5943519167933
299.1693379014388
246.39691267955013
266.64819988553916
279.0422328441956
290.9360049374598
253.9203818506173
254.2191529034225
221.58435904414796
283.9146927430419
245.35666097260304
291.80318903214516
256.9893094019345
259.5855331102803
254.05602602109488
259.92241119041006
268.3895159756853
271.53253479979094
254.18028462616792
298.0267221718022
245.52706053106553
282.10918787386436
239.3676790924517
282.478816891684
258.84947718378726
267.4054765038472
284.3059743381291
261.6862616655586
232.92219808451654
234.42240398391874
265.7303733801423
258.6720283825383
285.14505996516766
234.95772530847898
245.47590349497563
228.3721786755897
247.38130034953838
294.7589786315448
271.0667671592189
243.25294349195948
272.88310378910757
247.30606734384813
256.00813448299647
252.15721783370736
279.78500226394766
263.29120943816855
290.717913318302
278.76658762239475
251.2899848275485
255.0508346017169
237.4505396551105
267.36719369582363
303.57615444721785
259.2033270276559
228.0019688219278
258.8691134105917
265.14248780658016
248.71280833569756
251.0219052147644
242.72962875468005
261.79243286959934
259.7054903668358
249.65154444989886
279.93052100109
299.4907521128382
243.90986065558621
245.21667624688095
256.66502899077625
289.8400514961521
267.4587666085289
261.08084519202106
293.22813243163404
278.02516992473863
236.78035433928142
299.7115667844321
230.33033139953457
292.1668627020786
257.6245699358492
233.75263692078863
305.3192975669217
260.8458410499119
286.99474812852395
263.61519412323463
234.46402302474112
285.30574006960296
217.6153651669632
232.67812928275845
235.21843402620635
245.20255989164588
267.8221472877232
255.1622280015002
260.1814067005141
260.0349664120733
289.66355635782287
302.3726700224538
259.8606411264917
236.96253590524043
265.01901353978417
256.2222877196922
245.36816225069373
264.68994603118097
258.43739798679246
292.81701504062903
253.26099315063846
271.53291343078445
265.456919142888
283.66845629760735
298.9202445024887
265.3595100250552
260.08101438571606
281.09161768550626
252.30719565313748
297.08404073224096
297.2502917500673
237.32339257188994
248.94589041022166
234.6496802833569
260.45649869098486
261.4945130583417
251.11324977883785
237.07192005248572
305.90894298146225
274.744865993032
262.5977940153574
285.6290577633604
257.7806385362087
276.0939726916216
249.29233297944236
260.54607481585845
275.29802226956747
236.9439579945604
197.7947568770826
262.52959000454723
286.9080913803782
293.6184744342251
269.64098721846915
268.1280039503996
237.91282731857262
254.6258199902276
273.143389467662
168.48668608134818
260.27776863172767
258.88341341848866
263.04028240780394
260.2990740120559
292.5187534143347
271.75859382956025
257.6354068640401
257.1513570722858
227.3305140246266
217.11984946430042
-1217.4371263290157
262.2912167261171
283.46955058575713
278.45792771706135
283.03504098826295
307.94617325047363
281.0044602136195
255.2905189010096
257.62791686288256
279.9907924758455
249.9728414902999
222.70797829563682
260.79529951453867
260.3421018617983
307.7547654265124
277.2116679837527
266.92241117896003
268.1442643599111
254.94995741648006
278.85544122265867
277.295260253214
214.88588777854247
265.07721554982203
241.16836533839557
272.9040920780527
248.00289330607214
277.1296261713518
265.7067786364262
283.31036519156316
269.9243447965415
228.4818726737018
238.1185760642938
307.1081214911465
235.9132493647595
280.8187395396662
240.96387304943465
283.83985573833127
228.1514571697797
264.44600768242066
274.31278464917074
281.4343546242792
251.87050763053253
295.81401166574096
269.7528948601955
289.64346566328516
261.62941919338044
246.7277681254693
248.04174914627328
280.6686996657628
230.9490661665145
268.35281008939614
276.19765509813897
270.72744499746284
278.91995283395744
271.94811798372746
238.8931762288481
269.89572571056067
278.3681647615384
265.1506864177202
245.98891603222458
256.3231166759125
259.2570630861094
227.68987990024863
270.54525098988245
260.99844295900766
280.0450023961024
252.87759693564746
263.3411101381064
259.0751251892098
279.43277646657265
224.87949517456272
254.28479493817002
300.0049601904944
230.90223330194576
279.9153841788344
264.24560031240026
267.16455302840336
280.20547441981444
248.88466905776673
272.95383862309916
291.13884493893397
272.9925811307065
260.6720764105782
286.6396099032737
289.2256662354795
268.21959502910113
230.22216727678597
213.41641167817002
237.42150531319498
228.9345401318536
247.36539108622807
234.42607556463082
255.53503364911532
235.23365224746635
234.9401539901761
261.39874609495837
314.7271080190308
223.0661327333007
268.0610935311146
233.38776958475339
248.07368915263584
326.8060761645438
226.6124631767054
277.69412662889874
243.37806040216648
246.20335782324494
257.92289778050184
245.38418362945615
273.55963260312467
241.30070658194535
269.84332878403814
267.9531068945879
289.3113749717767
280.6686647277304
261.8460099969996
284.5517015306956
243.95678900563317
236.0558620990935
258.17979726057604
272.37240219137414
268.10970464601075
260.72371896890286
283.47651627965575
275.49939001619396
246.95158815955645
270.504258611058
265.914566894214
285.24272790487095
262.7065044393513
203.38058909100965
269.2754546159041
258.0332701432428
215.30886183206522
321.0485896853079
242.8789965235457
230.0982963090972
258.14308454542953
261.3133134896632
268.5071757767922
274.8435612467682
248.72092361713186
235.77871127283348
268.3868175340631
269.900774388059
225.52447259606433
263.7135582197094
267.36047367419417
223.35322606600522
260.26224382261137
274.1512091693415
277.96455430076577
267.9394074747138
291.1448273657235
-1008.5484723250772
268.67207952186766
264.06444538315054
277.7107951127475
228.87821401536334
278.6716213231987
267.35717767240175
251.82928966214308
264.3210841249512
252.15670568368245
245.11615864867582
255.28710252208757
226.77308241188308
289.755788877065
281.61814419008454
264.681236806015
261.660787098435
249.52913577708946
253.0181046522935
257.44176708781197
271.87850104513507
247.7532557384358
278.46399001072075
274.0242412679859
241.78140676136434
254.78498890858918
236.9923704455762
260.8448524816524
276.31380554733096
278.3293044931893
234.7036324259607
284.543562469231
279.0773883723724
270.4692028774472
242.29294161310006
263.0324961548597
299.91826278532693
227.01777034535704
268.4979527785518
273.8497682976571
279.6167769109539
259.4301985651874
286.9377813318205
279.6131656316917
255.55066973183855
228.4547841147971
253.14671308040315
252.20487471403268
283.96914535137023
257.29779338779775
249.3341819775707
278.9439486177485
290.7802801261046
275.8659554216737
289.233239917257
272.761844972109
252.16500181089506
303.9880832610994
289.4259684371684
252.2021876407104
273.621155729021
257.09349521535836
288.03425039880017
258.7741179788276
287.5697553575628
253.29396362454835
238.35953316278756
239.34371703130566
239.9746659416793
258.747686415437
270.0457802116961
254.15966208179063
265.17639064943273
287.46146916599685
261.5762628004644
219.91862927157263
253.11791283280698
253.55694239322392
262.49712684110705
266.2249816054517
221.5053925096343
290.8092603672824
254.14686345415686
252.91389290582427
233.1116906422581
302.47331773765313
289.2544549497885
239.6305658112527
244.10311970553957
223.95048712056916
269.9084380347002
237.603693503596
250.81202066185742
284.1010670700198
258.76122542180497
282.5286090040566
303.3139333870545
267.643252149736
290.14182948913054
287.8894219664336
219.03990341817678
266.5013308432738
222.3905715647571
272.9454216415029
267.5855259279129
245.86225753807636
250.63683743738383
270.86900437081783
273.4286916154414
263.27115103455355
240.40854517342274
223.36941875265904
259.72126426522505
268.61545548045706
250.82487864347672
224.70382262033172
245.37618419389372
240.96239482562174
274.30310504563244
271.5361637562451
246.63836585478114
259.40896669036425
281.92455804794815
284.6745879641219
272.15659062597047
293.7133806296498
304.92884283584783
278.2244574178127
271.26606594808936
291.8184042044493
258.9891238543648
270.54389752747
293.4004723668319
261.4991293546532
239.9136120178283
229.98562436825677
250.84929040116742
248.7196226394073
234.10519577496098
-1165.9000395795088
252.38279360769636
264.48968969944053
283.1242190184219
276.2052826634059
241.61807386164327
252.096373855825
252.64396631756904
-1149.4083589129868
263.3023691547784
290.5914705996797
285.87453556591504
260.97404001313265
236.29779603416372
287.65980155433164
281.8360017538845
235.1723658378585
272.58302045437404
274.8489934938179
254.079312552614
219.38905354774556
291.70124490487774
247.7975534081549
269.5891548642771
254.54633558028956
247.26508969301847
278.2791013495023
300.2439773640968
293.2980442666982
233.31376185401675
255.0345960696867
259.9807089963918
322.403048278714
291.2399638688777
288.95928863660424
256.2354052243535
280.7311099422525
251.71091878106213
278.2569019726667
221.95924262203326
283.83137419174045
291.67360728021686
263.77254681386444
263.8898423380332
295.82263560873287
232.17801280076372
273.34274223103637
268.1064252514392
282.8141384552611
271.5565910266237
231.1820149189138
269.5209122537369
260.68829396056134
259.10681384524133
235.52036240500843
257.24650700312577
272.8555074519531
258.8419743698973
232.3458018485909
263.4693093781798
247.10663574721403
259.20168945532026
301.30004383357414
293.9258070917548
248.11488006590812
238.0944776617057
265.34853898133736
271.44833387064705
267.09163725095857
260.29994434546046
231.0381247050166
224.55702364996102
225.14263727185926
253.42210954370682
270.32725927994994
252.1326859938109
245.35553900753797
268.97062390681015
223.06633175281627
294.2105289598635
301.86761419275956
295.1851285677676
262.64566350002207
282.42870528616254
277.4490768500043
259.8927286271153
287.64817276067186
262.9701737194735
261.0233719040541
251.56177616250056
230.30079167262613
260.4251884678541
277.7839694056239
240.25413177860804
268.1176418210292
249.80717937297555
261.50019929619566
269.522863213651
233.6337409163951
245.1271815449986
260.70526105522737
275.1342173618648
320.9977441025509
270.7665516725659
226.98737640102092
278.4771620659616
235.89753583323926
259.68143361592456
269.1190488212678
222.8371577186723
266.13224546470434
260.68034563467455
258.355456535308
277.45803227388245
269.20914078164793
245.52406781008747
274.075717089092
295.33918728991137
275.5576440274782
279.05765221566594
279.278474059735
274.4690860054482
245.1980544279425
249.46589765503623
255.03444427675825
259.2327220262036
265.3419656169554
274.142943102387
229.56395715711412
216.1265715020166
228.8377189692828
270.9314730045867
290.48165707173246
280.7387242938763
246.75556243189217
306.9739185113315
276.3537589403794
294.0173304672629
276.88788566146854
287.7495459247749
226.84124544582573
258.686838205489
247.13380966771803
255.9856375859319
275.749921391022
253.08814642680395
247.01279200696197
245.4992180642188
256.38651526221713
281.17495601698283
278.5189694279245
218.91281498659117
281.1180201948982
262.6733580780319
251.54742190281812
267.5370710714164
243.71900035053937
227.01082989620187
267.237083595642
260.49215118063336
243.0505609660018
246.93822935017178
260.3758612612055
264.1183298068133
268.05988468829185
230.84535303401134
267.17040083942413
229.32032668122758
303.0579570463823
288.63793234397895
287.8165736030181
242.64810678186183
275.04948089004455
275.78895759259035
231.28938558471887
271.3422742800793
247.40260121109753
250.06284581249284
266.7919869278031
265.2953311236224
290.12100778558
219.77691818070429
147.41774035097635
277.5994154489741
244.18467161455263
278.1514771800697
253.12243983218673
259.19302063521405
256.343044996654
229.1346522574191
255.44777617738515
281.7714055388419
285.25240541712805
281.264019321262
314.1817160442511
275.0532437766426
267.54928109307946
297.8869489060693
274.779478314022
242.13254444110245
289.8332920568082
266.99527362549986
285.75815834748073
304.6405541439665
243.55978203557976
249.0180078536503
270.85276943719515
257.1603671899172
224.34293728931607
289.34616020858635
271.5398539616183
264.85852027443167
271.5824283300119
248.14450807463146
259.0943040068525
298.38906854233767
255.29701985373626
295.98480879030456
236.2370176193276
273.05929209037305
269.97590697675366
226.73400343612758
171.00535911688075
265.33498947845226
207.21819186035708
264.6244186857379
254.67402521201723
264.5182478797339
280.12490276282625
271.505371985741
237.48384269858275
236.08285907054054
232.55708566086736
272.03884701552823
287.7124747532837
273.54626726314837
269.5407128033452
243.3116581550997
254.2549709026116
294.5611606280369
277.1868301808165
270.7914646790885
251.94005552016557
236.6107111839862
284.6205697476134
278.9615226721261
240.9526820081121
276.46068137864484
306.05912443735434
239.97173651588287
231.40799031142615
261.7398016742412
306.87955402814146
264.11745846500685
260.4439463906404
250.8828427062954
238.08272447380915
220.76474041564023
253.68895717992098
279.52049954952804
269.7108820445951
286.90287487032776
279.4281850926923
284.5709855558637
237.60875835965692
282.07764017524937
238.31307006158917
296.0147408406063
261.08911142071565
240.89018786314332
273.8649032732346
282.1169096715822
273.19186138277917
289.94864803214386
223.20411478118507
240.88001646504148
272.4295187635881
295.31145211133344
276.70433134970847
250.4804838736016
260.1632995121695
262.7416737560659
243.08001121769783
270.46861317787074
325.8212348315166
299.4106307315004
234.68056849063214
246.2761109255611
261.67074759564935
275.7730508077968
273.07252119676104
292.42339263140445
276.9275912344451
277.26286949588984
259.73984206028223
295.6022099804865
247.17638523640468
268.00707382574706
239.65244526972668
282.4374355231615
290.5954013831429
265.95929853328823
224.79182493474664
278.31838178358316
247.88354977193606
282.18246230273724
272.6926222809976
222.10042026110995
258.3822908618581
225.9187041697947
268.8573658274235
268.1946038529355
259.4755263628972
257.8914011976059
282.8194439221172
245.62020545958677
288.16098707068045
250.95246595063756
269.18742149736465
244.65947098463863
261.244617525428
278.2242351092199
293.3243931870189
274.1681024108402
257.84069801302434
295.4443595285851
235.22177073443376
305.2365130005413
247.29204806851214
299.20004141178083
284.7767502463399
254.96467320985357
270.2163809064757
293.55175059301126
268.5421341610126
248.74398793392027
292.1338373967146
241.41841304043007
244.69455783976562
291.4611241584126
295.5230700779218
258.34495048732697
240.06333957774103
280.7101526007258
257.2089786332252
221.13762420703227
260.1747856698097
257.26323608460683
252.53074695692655
241.32553583352566
264.32626797386354
268.6279771505178
248.9667749690225
268.53870474230456
272.9628945372169
309.75692552931366
246.9165429135147
248.09600422999577
282.53995197721383
280.69000848698244
230.08249265500356
223.64967236696364
248.19055243201672
287.19373041967367
294.1268525702194
216.8420312936579
255.19443338631214
250.07469765502924
268.83745625492475
267.65170279609106
227.08485671273814
246.75392578903046
299.16520733609264
242.6692984788229
231.43651506729057
306.56102440766847
168.13845036940992
280.8892161615313
268.6631334444995
243.52272570977289
273.26849605223566
270.84064916551625
292.68512485350936
253.51453818137682
221.41523162439444
300.43583887344477
288.38962423844487
-1069.9051474209462
231.1348179809591
291.66784684692084
270.0096778993237
223.663395050622
241.8809094057695
237.45919785971546
228.22210385534672
268.3965240884821
277.0316880271189
244.27263222547532
230.61371297235942
251.92990375480122
221.27624471973513
293.08027414520507
280.9516373077428
264.4253192828145
264.4250508142211
233.53602992023636
255.58638310689378
265.61248189880956
235.81211461005253
284.3621012372556
269.15044676684613
224.90119056047385
244.48830102963547
296.5828096536096
251.66838381222988
255.40681657785788
285.26683558077633
237.99851433315462
248.1725123955351
239.0787227658427
253.9021600718737
251.1757197284177
278.01987542397586
249.50955858902233
237.24523911589128
246.13731932104355
271.9505866356254
258.097859994337
279.2972052130409
265.9817731975456
262.8504346077482
289.4947902024627
242.8300752603756
280.71356800169684
277.179399720014
316.2206319722727
240.75011108911463
251.69139246401372
264.9179752598721
228.53796176854445
241.07968076657244
241.99040574730896
260.7218486998114
281.7437680712602
251.0735389228609
316.30569467972384
270.8438431931764
242.4028901582285
326.0088652975912
259.3649241756043
246.61003476828134
228.9550391190814
256.56014508334204
251.98260867143023
255.82272366330244
263.0074828683986
260.1846296816691
238.88500288511227
254.35646223989374
290.12387602227784
252.54720729153675
277.7240636636929
269.3031439838711
243.1086050217083
235.84218993966775
284.972768430138
279.90869759727093
224.9248648160418
230.07195342074652
296.70225414447697
283.901967954546
257.11977275641675
280.8811211655073
288.86053200208266
258.6616284858632
302.4898923707394
254.60740693605592
289.5990404819214
228.3280235556111
246.63844083916013
261.5521125045028
236.23258967762175
226.68650637045118
273.0602205584083
245.45159191229095
300.18891945417863
258.7580729015328
278.1868028470044
270.91272316542234
255.7550186704314
273.81993041327263
283.56124320588935
276.85864400133244
256.31189288574876
264.33909813758873
226.46646857041003
261.0321439839016
244.69443245556516
230.4980535922226
270.7222160724673
257.8528940107592
284.25000030031384
273.4005854173634
273.61200967676143
261.3100809129469
256.0814153851163
271.25574050858177
260.6871433398893
265.21441553865355
264.6151063898497
270.5912303014221
237.7379897855221
257.3978080793659
276.98262176019756
258.99601073750193
285.96516003614676
264.340393125014
250.74373269672196
306.3041055096851
284.6843283448579
234.96576445302043
243.37494172929178
245.4853746985735
254.92421184032372
282.3849241049744
238.53830131056418
247.15750195758645
299.5245674137166
246.87708277785066
241.6512450164384
251.8296818821476
255.0752709104695
220.200767929452
265.04997530247954
258.08181667392665
236.27182895329003
261.5015134578863
268.2537132740981
272.07742539363096
275.3907155422677
270.52848085909704
284.71034909341904
249.04106699914024
276.89712965340163
250.3250495205952
-979.7016447110498
248.63851021375254
277.79321372650065
281.07087957958925
319.05646371558714
259.36968480856274
288.5201117382071
229.96463584995786
249.2470569917442
242.57915384184676
270.75421950862636
270.50681784731785
271.00034062446576
318.25198070943054
248.4698725428971
267.0333217318956
250.35060639786437
217.8247499185716
206.3570260774179
281.508957588864
248.15268364912046
277.87565894667574
272.65316515149533
266.22100180235907
301.7755177407019
291.54172504706224
261.7100296241458
254.14375576436387
271.5397152766268
276.4208980108196
277.5535369411481
276.80196418161347
235.73341858492185
279.73187780007675
230.0254714643302
269.50493634008063
247.08097098000005
233.4599643889242
246.485171480082
234.22558254799193
262.23866330846187
217.23174383259317
246.60020612545512
289.55485742532113
270.0101206839033
278.48319843863214
266.2737720728853
220.1554322171006
239.1109581818336
244.6757862138924
267.55562932473765
262.7587202801436
290.5081064812546
285.481213597885
281.3931413011752
224.55618757431768
262.47140278068497
259.12320831971795
306.68815822755835
240.31645268584847
280.27448656998087
226.4815930846059
255.0189771437852
271.25355512343896
255.49850312580048
283.3498896972388
281.3716115036082
282.5574329703494
263.6199996848593
252.04766567578633
246.88034530226702
247.32779543780651
268.5087674781949
269.84234826064153
225.77484017902287
286.94796016867883
265.17736658831416
254.26941015169137
292.28772273955167
242.97789625025652
250.07237698950587
251.54763335905471
261.93582634695747
258.13281609358626
269.76651323256266
280.23791693388966
293.4456616995866
271.42765189248223
273.41021667593924
256.74375367679187
241.56575147463383
265.9063982069103
271.11184851280245
264.0113096800705
277.27186939923496
273.302272589068
252.80024564830268
231.49949554091097
271.4997614212176
246.41514111918494
239.11974125125641
289.7290033245215
307.60238333441475
256.9337878381326
230.0730262426458
289.6353953356747
258.97501521392826
235.56151346934325
261.96061286714973
264.8599864014078
302.6204300229468
241.35560498562876
291.54098243153976
281.33731826546887
237.56957961756066
249.69114205167705
260.0101406486525
270.69344567078286
247.60466404795352
292.2635953426496
260.5143106409338
276.55486454441393
275.67285628858696
243.04974993983305
279.15593495422195
259.54272014271146
246.6827291252205
264.39009566971833
290.44853858945544
260.49675621233973
259.93753606440305
285.3598143319219
236.06673835215105
271.541026008491
295.00010760980757
265.7614718183089
227.52217520057286
246.1236078229311
279.6197410494596
255.7919214865568
275.4050787692215
275.53264943314343
280.33636253432485
262.9198854967955
236.7909766516472
276.09858713065034
252.99323795220445
275.0481831402723
282.3926751663887
236.62381592078128
286.275237372847
230.73535997050365
271.24445774568875
245.78006762044257
251.19765366076882
283.84748125569126
281.675016285604
254.857750617866
277.8814340145223
289.9098692668651
243.4022912958672
276.37496652579597
279.6368992095902
296.0136049913954
260.75378926131526
235.52442823724465
238.92317122367615
282.13499277486926
257.7531835261932
290.81589784298916
274.4200251892195
258.0268995599872
275.635570655985
228.26333983713863
290.00303013755024
263.8120375826208
273.1479913857395
279.78494935905996
251.1661899198475
251.13791655218947
229.5446043869515
300.73697261782576
226.01680964326204
288.93851880031076
312.8204426761906
295.034843160231
218.43633517955192
268.4301569890847
305.33633284793325
229.47138390711507
242.4984060430969
284.92376514989223
267.29716918202905
281.10700583468764
280.0696461052486
235.11191043492929
235.93712895191402
241.00033102920546
261.7735147245177
262.73664086614235
296.1386834807306
236.761694355414
319.2015361938407
274.61624774199225
303.15838888753456
281.8512477645553
285.1878097046874
255.74775098467148
289.93771362038285
260.001171713272
247.61761484616838
225.88006003321928
222.97423578084914
242.9121616744872
226.88776217367302
279.2645692293524
299.3592455526597
288.28312311915784
262.5745381580291
289.9897101203385
257.35650739786854
281.3952062205324
258.0655114774632
283.0778373382258
240.2594889709372
246.47741327964962
255.63564049183822
292.26865606710146
269.3465107308407
289.19222123482876
262.4901904493388
255.58466556686864
252.35508309943305
239.23404532440543
255.77107971275748
248.82877738159488
232.02864108545558
288.83182549799915
264.0686908070095
258.6674595088965
251.1959645306809
227.2476972101826
287.9580864952312
280.594062073004
253.62459422052882
268.1155019534042
271.5473947879072
220.2165969356461
296.21412549153723
258.62945180696545
284.3281094427866
258.7832741621702
279.0901191871329
278.9762554209502
266.92922121713593
250.79503442633109
285.0649352101369
289.48019316691466
240.64922308412773
222.95559389803452
275.0048582375583
266.9687667258228
256.753297840521
253.745839976691
263.1685016841041
239.03175741051405
278.9960262754604
233.55081643447716
303.5635217139022
257.55338442257676
288.66418846236013
232.36410389709707
263.59515773956616
289.73259534380963
288.8860103209355
271.6038659103517
233.40800911515214
272.5250168257137
239.51446735424574
240.3210933667516
230.2498746892435
225.36401730341058
232.09569612104232
232.69618715707068
235.54343708085673
270.80799262759587
260.8257314651316
253.7891229897941
233.57119537691273
279.643179512591
258.2262713110955
300.3432309510458
274.25347311416067
287.617225916713
271.1725130152912
-1026.922257530708
289.52382875008885
240.52434238547178
265.9907881901809
254.1923775842299
252.51703044457116
279.5331450445302
253.5371299306583
267.32830006741136
240.55030633788675
241.18926431055755
258.12985639257056
270.15639020430234
268.97755928442234
242.4579196778518
248.84048297243473
257.62246964457273
264.826606077481
240.75294527917887
-997.7277785441391
250.66131276349893
258.4696850477084
260.9926990995441
259.9692521362771
244.87151154957434
280.2746526040013
238.92424839538876
253.87526206062148
260.27636212728123
272.9792359659932
216.3452496379016
232.53363784213374
273.27119333282656
-1097.056851430933
270.7766602221509
273.91835301377023
282.96001145239967
294.4895329096632
260.13392499221396
262.50177486454663
260.2421493140172
290.5013748967408
257.6617590107171
273.03532710840483
293.92849333762683
270.8367964565582
237.11717320919706
236.26843102605494
273.2030451188274
257.2785890394247
255.4640891961637
279.10021393981015
254.41567323505714
255.940895005647
283.22780202569413
164.11367627150736
241.65294010859927
264.27492854948514
247.45251703249332
236.231765646937
269.472864585402
262.4802957369642
294.5404608060144
278.6654184341959
263.8576699612472
308.7806115262557
273.03484061593986
290.168954798069
277.7548737329252
242.20858427168568
246.96584197294678
233.38385225110778
261.23545717045647
309.7264592841546
227.8499900040228
228.72426021261134
273.3030194455595
279.01990852895176
262.7426735064448
245.52960965197394
276.6371115924022
233.35132574575107
238.69905734081192
269.7434473653991
245.5285421201498
255.04045332321513
260.7020283285621
286.64855439085716
270.5543817289465
222.13674888216775
297.4253846668315
262.55521571588264
268.4995604111332
267.1091779701078
242.04441138890266
286.4409888854216
246.3973570572718
263.23557546031446
276.2684935843024
287.32085567078303
250.74571776541654
253.56448934924578
236.01909564464427
301.24406735390767
280.7288145915642
225.68019883863514
255.53634940321444
290.59204876303204
231.61993060368212
277.2889428569416
278.5912153621117
262.536605531036
261.24395145791095
282.33153801197267
279.89758445214443
241.3372618739922
233.675739957728
241.12870004723817
238.0359911044579
252.316427110727
270.66047703377507
286.30646939699756
266.5806674629715
266.2781395754283
275.9541648646665
305.43149477367785
264.33331450961737
265.4753683792213
230.56615140974722
252.57766234694495
257.09588275996947
274.8139938452623
256.3696894325999
260.1092042908736
239.58594290439095
254.35743960719992
270.55180605564635
260.8860851703893
261.9617015869913
267.1847581763071
263.4261603350014
256.6465079223207
265.5947621923631
226.15109172627976
309.62271475554417
283.7652892575156
230.14832577282888
261.91379832059977
252.94640007205268
291.4063627140881
263.8832654916698
294.53230628603245
242.90529236959458
268.1855658466119
239.6655965950697
245.21364141994576
247.4470779404984
256.6423975069024
238.87787312506944
277.9911295800552
239.77171382948944
-1073.810406832706
272.5357665933236
234.6270581226525
280.8776123863204
278.97279620618207
256.84392192027855
288.96917067232545
264.975959658184
277.44181565303944
285.79744066571607
272.8428624971251
217.63823503209488
272.5497008502274
295.57226656744024
261.07649577572704
249.7614780434934
281.0535044184288
266.47661951140856
267.88187194097
268.5063088443137
292.79009446848397
263.5121566309019
263.221967349253
219.28291404851055
266.18787347166653
225.78943384235356
247.11983834522778
247.65369960000746
269.9988294576367
264.2000188031952
274.35462696079867
313.5409785847249
240.53220404945196
234.51511567688289
214.88446844237916
236.42481554749514
256.1370081580626
256.88167374428804
283.7686091391427
253.88275840919158
247.42128478342855
296.9712736726691
243.31496894294298
262.2118552427738
245.1688654946016
284.25386266018194
261.6896000484079
281.6845338419543
268.5014251096376
296.41105253174027
249.47745371640298
-1120.449771343153
265.96011273355083
254.63432324477705
265.1356099254691
288.1593837481884
278.3092498912197
285.13272041155074
262.5529493392355
264.76039007876307
241.08237576330714
-916.9651639006275
289.57642995233425
257.24556634732517
280.45578178053245
273.67125709745665
277.6625547659083
292.1568353841941
270.2658633458433
291.89381594095846
258.20819299578125
-1223.6882840114104
250.90345007750875
249.0736854755289
244.121991889956
278.60448771394476
252.701081638917
265.98819100651366
278.2986955530186
253.1233207810863
267.1545699182125
257.50222188683944
237.75125547501946
247.93928128021298
291.35216374074776
261.1020261885875
234.77763394064957
254.2943726146788
256.698652817925
282.85210686831215
247.24841271430472
276.1764364475215
270.8521362415618
286.36861441361043
280.5056482256667
285.82670798323693
313.58824170385583
275.76033436458516
295.82536728051565
260.51341324511964
302.61975310128537
-1021.3813321330377
272.4209471685873
257.2978121023798
272.9116202382487
271.82128434121006
285.5711784976195
275.9860510207202
248.41631159314434
242.54831687197614
252.37145810602098
287.4555469373646
243.29933990004636
278.66302098447886
282.83805020828385
276.74064817465535
174.1033850433042
277.7535765264752
312.87862924414196
259.5845287672147
258.5067336869803
228.25055704014372
229.71804989421724
273.7061396158815
258.23394299081605
264.7561948198401
227.8525711867823
239.7374797018218
261.2237788528008
304.60128591178193
252.33773405510902
278.087087231136
268.9232897805891
255.8500651231668
263.27125891798005
248.99754913016028
252.13273195619018
246.8314620308758
248.42425895080606
272.2811970668486
268.15301436402615
230.90041492106016
228.52397767780144
259.49995521422557
264.6083339887886
264.92563629649
235.10931573047318
244.02747428066112
238.03238709256016
271.38091052468695
280.68884595703923
286.0881395337508
262.0026181515933
251.638942504763
244.08000653580496
264.3382018635252
249.86857251554318
270.74593108548453
273.89228150955466
270.4864168557526
248.77873756681473
269.8027588022135
251.60600107820696
283.58739656144894
271.7861305533322
274.45861501466396
258.3144352120779
256.74989212501976
274.71827169220063
228.36146104676442
306.2127217411073
293.05477912656323
251.8592716921952
247.3726930420696
292.3024113570088
275.76717223985577
280.51982352732523
261.02203461567274
282.8756214800661
233.92190505961844
266.34160563147526
283.57022674501786
288.2598164433485
242.9303849116409
282.5349263834354
273.0283702774997
239.11978091077194
272.04458113549356
261.2930545344989
268.86690361128046
230.00642894198205
290.47087359802157
252.14558705512482
232.8271726878412
255.11141921079533
222.95068416721764
274.3016720327233
232.68731891207824
273.68445454826514
254.71192164033835
294.7611516897125
282.7802185597779
253.45158485337996
271.0147481458676
299.91924053711386
283.03743191144974
273.73497173522026
252.3308031164252
265.76221617881396
268.4625553721023
219.2263331531933
267.6262082942488
283.68428977379256
226.69971409946746
254.7929973415374
264.7308916322587
247.14591976876014
273.82531790255507
267.7826692456458
240.2121396109691
244.23599696076639
266.3790617425526
246.1452274428292
261.17059549017563
286.96387708388687
250.21593902531492
264.78834688765477
223.1754423701042
262.43139364727153
237.66036410091195
299.3388434215444
250.89425836671165
245.7214984649564
261.98474038203983
301.37677014443074
291.25681940885954
276.3136914547562
276.19122366555445
293.1837851329615
280.9010523188086
305.6026531630289
242.76285882543075
319.9848603742697
297.4417304372781
259.4466972514283
231.12717916402988
223.18702364883057
255.47936428711333
280.8595762086645
247.00203523068728
288.0730539463442
255.02118245188507
258.62464434954455
244.30990975597103
261.1675557913687
233.89928274458856
282.48461264002674
260.50210376952907
277.50005708967
300.5826763414618
253.5810605124263
254.79480604158093
268.1953386381107
277.68920083506634
230.3606271433005
254.84732321177987
295.3029186254455
262.0123911027671
275.72676845376327
252.65260086586085
263.03617882318315
238.01006610035523
245.1209577773609
236.18049220956303
282.3332204032402
225.12088549818242
266.93047077678835
276.93075309304834
248.05045775917768
269.78899993497976
259.25413932432366
277.3217984921762
267.5773015531182
261.7817799655503
246.90641543485657
277.04058635461
228.8795075295892
303.99562352975113
233.4599840573595
259.73614234227074
275.4144521749347
280.51795552951796
252.92854620362678
289.1279602388164
250.5031552699867
228.43540097029893
244.3004931783543
255.0728962718654
263.26836510153043
268.11414969337693
247.00268013686775
253.9395715606022
225.09677117295126
281.060519196272
270.8264157704414
244.74243147101353
268.8336193062027
241.50659917057845
280.85353882288797
279.53094992253074
262.38066441322275
239.35505439808892
268.59947176017823
242.31585021927242
257.62503960135496
263.9887601705134
275.48527827731124
269.3240693335364
261.2007050187026
223.35145154430433
234.05487911194462
261.01804568920517
240.92345520058169
250.60930149443305
274.62292135177233
243.00682221336234
271.1987009710423
240.51731771650708
265.89641330016264
274.67532193308296
260.6781066159318
264.7957976922416
258.2365651961462
268.8902649174574
268.8745413801714
260.9621926498577
262.4551324505478
252.48735441747772
253.9962787036108
252.65648433693482
276.5152963142133
268.60887608350373
236.22375905861995
270.0182575005225
271.09686560035084
235.5767355193181
261.36144830782166
292.2694742801745
317.20527196435114
239.96979136649
264.1826445211474
272.61504460518324
238.39509391108624
250.32467630339409
265.8220456611745
269.00949521229626
227.40592357869915
275.03363126625607
248.70239607990328
256.6340821330481
236.84216788930104
220.69274820981852
289.6001243007971
242.4032608071005
286.7808361015574
271.7946077041377
282.383228528485
264.5284492131556
276.2998202663457
260.6536323752375
243.80770732452547
293.1900519885406
277.63679309153304
276.9815341033655
289.5214907941929
233.98336254471855
240.90281098416884
232.3161217374801
255.13905852370632
255.25311843902156
246.6661046067026
260.1236136574789
257.46475751716355
271.0732084222508
220.91407577872616
269.2021752097011
286.6968406317778
283.8369229564535
239.07448347287342
274.2130544795891
256.8453608080963
288.3662565519295
249.2439793347134
247.78012103730265
281.5330135131767
287.204146678096
269.3323489499089
266.6850933871424
249.5311276019212
270.030768292668
232.22206856562883
252.74387967847468
-934.1680305703989
270.91432126176863
284.3302568412761
275.64675583306337
282.11066715975136
301.4312656727168
259.5634644921164
276.5310914917828
241.0889561846637
245.71124819150714
293.0905832225486
289.35023968562905
273.77742821607296
301.821586237657
301.4288715624609
240.41477409020553
271.5642306515176
257.1406626540637
290.394353617698
249.28683272017665
249.75545548668094
294.2369155344346
242.6533996311042
271.5331596331876
228.4709985883151
274.4835285324927
275.6480264903253
230.45788618381255
253.86607972532164
250.99931514422494
248.6276821755196
258.39187796977944
255.51962335054057
243.6462068283654
245.03953547729472
280.05548693424157
266.0834929680019
243.01302691446028
282.5950516260301
251.51820245455121
262.26325486015946
260.538349528425
281.7926310867811
259.2089483087924
270.3646367856071
232.1385592342854
241.93106596339035
242.19485268148583
275.4267847256975
302.6938604257207
274.8513086892486
272.38964387195165
218.7449191302809
266.88331331518316
272.8090458514282
264.62678869184435
243.99514789173233
288.71244954231304
239.33530377136267
236.08220097529252
296.63485931491
284.75155914290883
247.11396562765776
263.2930219157148
266.1685844605496
257.6740952595507
248.18088504514915
251.75496218585343
257.8018896652983
248.81179536251926
296.95985696486684
308.22996872352235
240.6675316535128
324.8123386596956
250.40116709367823
251.96469474384426
297.8443230954297
297.20287990408536
261.7583735433723
261.059935739543
275.00106401177834
274.8652564736948
292.34445810692625
268.05991759864537
263.0366494832742
261.00631824176116
269.2763148855119
271.95250547906613
274.10027456368323
229.00554861550685
272.77599675694313
259.5381443493084
271.60188554706315
260.71704002487525
299.55527403969734
244.3566361781688
235.43966257150325
260.55970276108593
287.9995083414453
280.9927795356748
244.25517089105094
266.876102619976
295.31796457506493
278.2893999717862
266.6002652120483
242.23216987343048
271.5143254382948
277.85897352490366
283.0439791250588
297.2990648475096
267.34260126830475
287.6316543121876
245.22853667122035
231.33024514842296
272.7225514851041
291.26913882012917
287.6045532000227
270.3866751740414
277.1714457115283
235.13576945354828
242.13403103281115
245.92065436773308
236.536737671453
237.2416724345012
271.04804822549636
258.9267758678525
279.6940365568248
278.53590956703067
247.18677662320013
282.27982229511895
292.398752245075
228.82907742139105
279.4398637326615
260.68259966365224
260.7344221839246
276.03589312183317
262.5661594260495
233.76747991545852
281.66785489413803
290.245753447648
294.61884594816047
281.5189124748025
259.83339523231496
269.99425616376766
257.0116805812705
290.0093387861264
286.16361689301766
276.0782466649075
276.5591428663631
249.97904099297568
227.31715224597716
288.20780034739346
269.6627608448461
286.7377542502203
261.3889379585398
268.9932655296284
277.3741560716214
285.0695400953274
284.3774416294037
306.8920969711328
287.406932173752
301.30102972063605
174.66013738405238
263.67197639995425
267.762439425644
242.6240251800665
255.29758409597684
285.80800542613144
229.82583957224364
296.5655773373875
259.1281532869545
235.0995635577197
279.5523653640724
294.1376288652308
258.1843500080454
257.0138345147924
252.60467779740137
288.67895922050315
294.9131447211481
283.0947342836196
263.1698074148486
228.56159405584833
268.5963975328517
271.8606574653
257.2048373092638
290.9202667875317
303.96711008868715
235.3201042835071
242.66510585457294
280.140898725027
-976.5852726151284
275.486789855937
287.2038237561473
242.91643851075332
286.1797669332101
281.22864964737556
267.31949488445355
270.7451414676294
300.43551106771065
247.54669892277144
275.0190108676239
302.32739708249323
272.7153971881306
295.52422767243934
163.49488328689242
259.79775247355917
237.04721735671188
242.4800824934214
235.9173279293372
220.6410935553804
261.19150913440575
243.8584780459706
287.5293610052654
251.71920009866
295.6716298097974
268.66995878771695
292.0833837616715
283.565999045519
274.17333453476897
254.5223775706123
270.9673933597362
229.93351717431295
255.0122715813439
234.27289079254035
272.6749083941414
258.44111502232704
245.38895790336636
253.3524655936086
218.63880588858942
269.1892271635538
261.44486930357783
301.67041953170303
260.10029377015957
264.9148499475051
238.29278270724186
266.1198897666047
240.31327856366494
241.42375890069061
279.5853263975063
273.5681582570829
298.85568589500065
265.6218105646606
285.7953315292725
265.31382734784415
244.5542897539549
231.80071585340545
246.88084116679903
256.7502361883971
271.0278411487097
263.85451650285495
272.3044260844888
246.53109099098768
260.2302549357796
234.81515433757676
227.89358183241967
275.1503400583791
263.7547012711004
274.47013109345585
277.34391813254547
292.1373501418892
265.9628483370109
280.76946582046276
278.2174864759927
277.974630357005
230.6165359880477
295.4923718653454
239.26815244346986
288.8446585987126
282.12182036679474
297.64830174287584
292.37349183971656
273.6957505761875
296.55443961817593
292.9028242943996
247.22399384547566
279.7730010773945
249.73622939708488
269.5745920955857
267.93641855285887
219.59586421039438
267.7696708696429
258.49825783522
244.3673932801891
220.70346916304794
287.43129120169465
238.87185812616082
261.6141033956412
269.27383387561065
293.1352299848967
237.07299384010952
264.07498622567147
227.05612686959915
268.9870524737864
251.85252831447272
224.76795734469118
249.91013759608987
244.527986227791
259.7960749788383
250.816701658853
-850.8025155389435
285.07911296208044
261.7840605065045
266.97094726482067
263.21078364460044
237.25865467488666
287.4838601906464
287.8950943200822
273.0055914696834
258.78724004377693
253.5668567252039
268.03506557740934
252.53541040175776
240.20423107705145
255.4560340648192
309.0978566587222
247.11265647398147
259.944243613067
267.46639568124857
263.86798963525496
287.9286749215104
249.8408560984554
257.644522490787
274.30085181456593
259.8795892502867
257.13521069652535
250.56119412679092
223.45669906846038
281.2850427211039
310.5914046038356
259.9234182643762
320.00479280456193
285.82393748805697
247.71917295841718
249.72073486690104
278.0364929012811
253.1539785677778
221.32076993771489
281.38836105028463
236.16030393599593
236.6541835899099
248.07911694566482
284.48199098113207
275.10940710607485
243.25427991779213
279.526528981484
273.14680375564404
275.7155318042826
280.59054095660383
231.89225750535897
254.70535238885938
263.93274147432214
275.84114008529616
227.2972642297218
267.94862588984137
257.3608168934488
261.9830421842946
246.91247413048657
263.06816029600304
261.0906255105472
233.41344434941638
239.8235776401082
257.5150707345057
283.99872092843736
275.33612814688786
271.3998715803338
245.71754381633298
287.3021856487346
241.14996177068116
253.34403030567327
242.62817931001882
192.59950691115765
262.5173017358543
283.96676331706556
274.81481737682464
295.7787416361359
240.83898094037397
247.23861883986777
270.25507433457324
258.32981180029276
277.10049128143817
274.8271604884393
274.90790772999515
322.5854856343026
251.61511375436942
257.70067679597594
277.1955027888816
255.6842671775226
226.82600891305447
291.55361231982295
277.16935306543525
228.65113250054742
221.62862223617051
288.5861964518901
231.51921192985202
291.7054135577809
270.9951721517398
241.54330347715847
280.3985564628683
239.73993493244765
250.4134844085026
248.24887718479945
289.3101841358143
254.13401021840616
288.8340640855672
283.15368304307464
271.7060679982464
245.24068511667375
242.2773775598999
267.94219199844093
278.61751204436496
269.93348219843483
272.4038887778901
280.0601632704562
227.51309759105754
260.28055366046806
218.95259173289116
235.56952066604723
251.0739694102685
280.2058115029628
247.19026537017504
277.2429666139396
264.31712455438975
252.91570633971173
227.02355099352428
230.17862291913661
254.79726794520928
282.7240442722156
300.40341799483633
248.88190257832053
272.4417314009038
245.66516738998658
210.42213095683528
287.460919944518
214.98491276248225
256.94839387986406
263.26800466509815
291.81133627497195
256.5623127822993
268.74709523264846
265.8755305640468
285.47016897459173
252.37671224446555
264.1852145716264
224.03402561237974
272.91508262764097
242.10316040065638
278.83754967909556
261.0724553990576
257.4691248144171
278.0655735850645
309.19469640417367
275.1334674245828
282.02714808673784
225.63700984394157
283.22274362110966
272.2421258026799
238.08278070990787
265.70756716476853
287.8908253542497
273.48261511985237
251.72199737713348
289.731041384073
240.83743185460816
249.877784179325
276.7852238354709
270.04250803184937
230.43190471959713
263.6744877168465
277.046926661334
278.31204171560273
281.85004522503243
-924.8982812142131
219.51232397733494
-1097.3443706555468
249.8792308701803
273.32840062425
287.68193849089977
271.69447010232057
262.1909505273998
313.19027362915654
296.3787089039131
268.2490633064044
302.14242193792944
277.9475783134201
293.6775209902829
291.4073570657705
239.94772939406414
275.6307756436671
260.92437799227923
237.48592413567138
277.45599171585013
279.45134029515077
223.72340371149744
257.81511074223994
269.51993744290087
238.06825912108118
233.01878368959956
253.2522054408355
265.4640224210219
268.90112993622256
259.22094044035555
268.75312884606905
323.09339790430045
300.4072569517063
284.9416900098955
268.32916501165937
241.63518295886735
270.16698863899734
268.95821789521244
254.7236583194647
316.6545205776653
253.03509519020497
265.936577216966
257.937297683034
280.6277137352582
261.5208755567185
260.5801185526824
241.35662223413047
231.61977429287379
285.49838356670676
279.33656223558967
256.4412692774581
268.59698938874914
254.95248063677312
303.30850926086976
262.3669354073539
275.3323611593826
239.87393161018122
257.16857689335103
245.62123993302157
248.53887090739047
268.383587046083
235.3866361946423
261.82552037519986
292.6595608683919
240.78949063849996
227.79636560065018
279.96580936339933
229.2364739137082
264.0052755014474
244.70119770554945
233.7043608795204
228.97265498260091
308.8063184563531
289.0204712513564
242.0465742014838
249.68173255153405
265.26018184540897
293.6204293853581
265.39637966115754
260.2918275590388
264.3206356610408
255.3079727997805
273.5155701871202
303.264081264109
273.5049710562584
270.2200966841169
282.21380010944074
273.2190322877687
246.60663594047952
259.66528627079504
248.3499438882128
241.01666978544966
267.3490254353044
258.82579795942013
258.90176266168334
292.8446963865251
289.7652971345787
268.40827781514326
281.0138093965529
237.18619507660156
251.08733189884006
259.77018448954834
277.9480258647065
268.1475980039909
239.42141098450819
306.0628187651156
279.6602315740897
174.40654706942723
255.36387508136494
271.979587615169
285.49950090780186
290.7121163164692
281.933500130219
273.675547515292
270.9131677184591
266.07436952577615
254.32344289161492
249.3990314976342
274.5981565393431
300.2789659834963
285.7489034582067
299.7943432664551
251.26691297458302
268.80211823647824
224.22064966229695
239.40622803126092
298.7403382940302
231.4179329815232
274.1679951411968
280.7590098869162
229.6282840001344
240.44060942131526
259.06267559588946
226.76488203384594
279.3149667343249
262.0066429736704
276.9375290117996
273.98419972543064
284.5723431194536
283.0524554185237
288.5505254755632
271.6253270141108
258.9394869322301
268.15878494445536
223.79474410365123
274.7573692022255
284.37204204639534
232.84442804162512
246.89438378891157
263.78851007796084
271.8486225425761
294.75501152032984
265.9611413041522
242.04156940627888
271.91623067321973
217.01414646319964
264.34247218720657
227.81613255978493
277.4921744639696
225.71100039523049
280.99929139689533
284.9575252738715
293.16624006655354
290.19920921840253
311.6470754218528
265.4403015640173
281.81549290566005
317.4162453407562
241.1742091596027
260.7197582125597
296.3851267039229
252.52133594529133
270.2000801667025
247.8786414429569
298.2266227776364
236.82113141418608
272.2227768335142
235.23405957531992
256.31793633570476
287.82810900305356
277.7635990876961
273.46618712732095
238.3968417170466
229.83720102493214
265.0107159934912
296.0104195494967
249.14942954846018
243.14179551689676
272.5490750506556
234.295595945905
278.18307387703044
231.00091766247024
260.4513239549962
248.4548123842414
244.11323781870968
270.7101148055984
270.69591252286534
258.71416849790745
161.71002638274393
265.493243498668
279.947254397859
302.88841373401476
259.58566026229425
238.5538296997161
231.57064598296893
234.21204461885813
242.51055766385704
235.79159028096734
263.99327289839744
305.716741084727
280.8022962630025
256.45131316393184
273.96640997891825
231.88913856529783
285.5168404103151
249.11921543143424
279.30353193425833
322.4893231496952
290.3328387930703
279.68221871659114
265.7583664636571
273.28314507613106
273.4420720263007
270.0693596821486
300.68668119633514
288.1411875804834
260.7133588246953
253.13420062824133
294.88234604958336
271.4624449994111
254.66093785867136
261.003272090986
263.11320032211415
264.71987550128455
262.45491619664733
234.8852896140359
282.8617509848548
263.0237221742676
270.47373411340084
253.70180451709257
264.27256981531576
275.76801764977927
273.4174466956239
262.84273102563054
286.74551168715595
266.52033729520986
295.4084344531471
247.81497341690542
291.6549934240387
230.20942258665903
231.7198020886311
270.5106390331398
260.7966680660589
235.88720422263253
296.8209132385126
268.0745893046261
258.0064236820942
253.39219222740215
244.74934227629822
292.50656412235577
324.6264468171525
256.0423396772852
293.2777309733407
240.65759097171107
299.4950962634513
246.20599987621722
293.5961600854455
226.61471736518433
285.3064560924104
264.8822422462606
238.2671525596068
248.2438320472237
250.3934237690385
247.79858613806852
237.3242125133744
261.951003538501
268.28898949923064
-956.5402470288903
238.53916360713978
255.11138624521865
257.96796978084177
264.5831252732864
265.1578950450689
221.25595597295782
265.316408422832
249.5734889209875
240.61227762192783
223.5056324164683
218.56410507685897
309.7125203582549
277.5533151828739
265.2815122665738
249.51186254088395
284.65846091946423
288.97314822436397
318.70151073103153
287.2353099195392
261.11985621751944
277.851676331421
244.20584497764582
248.6501679883192
234.77305878608965
296.4348959419199
273.74943810055896
229.23648744855382
244.76494624839728
265.5955437494583
238.05504187766877
256.67950226863434
287.4311286582466
304.16924441570916
251.31650773953214
283.4090666415641
250.61607968137093
284.1193990715725
284.33435812560094
250.20232846257784
264.7661917115772
274.56346720920214
267.8921017278309
268.07914448187074
274.4016507067788
216.48420954765635
292.8702221198762
286.18346920232
277.9946465503295
243.72372379229472
238.27879075446575
283.701262359781
248.7835897334352
270.6335991531296
260.08706029356495
293.9851159927698
262.6505093466189
267.23246939409546
284.5263590492366
270.14390514211516
273.9191396643656
272.884736176175
276.7865699289355
318.1224725090169
268.9022131559676
264.87212204216985
226.7734946760414
248.0186787594115
278.6375622243921
274.92103592119656
241.75056346526375
262.8355731287446
254.22475838799056
-1079.1044865473027
261.73680172511547
255.34277383272254
256.7695300137695
232.4571835215086
276.75657886908834
287.3075890219294
257.35162839051
293.42711390568445
238.67480668455573
234.08924301071144
240.57344806246687
271.7359402099639
286.9649634157224
303.1313501866041
280.27321345260054
312.1553399509513
295.5646525081984
268.84289547911976
257.0025367625876
290.19218067408156
296.9692681864999
278.9550882425721
267.02134523733963
254.09318765157286
291.1173541891081
238.31898664194867
251.99326506534442
280.32494497543655
263.2685396864364
258.9684572814371
268.3695056251893
240.12045829542802
290.39107470268584
271.9736868978304
265.62336971029873
273.5295747076007
274.0578019824212
281.54461005227387
269.0797803720982
254.22071992625916
261.4206040277029
259.9377013710837
279.3071551208637
261.3752956273962
218.8383224289792
232.65907132665257
275.08851631386227
298.4486385388643
268.9636795288684
278.71135580328234
222.77965335900336
252.89602443349781
255.91031974288128
242.12592041542712
280.39790647144196
254.53497195567434
260.637926654849
289.63295367932085
318.2286721134792
243.28006746947682
271.16179823740197
243.00496821370194
270.0976509524626
214.26314263644176
253.30801104569278
295.23766718997854
234.38725282795838
235.1279488648383
242.09048943250053
237.31685125073707
241.65939320448277
262.39461415405356
230.8085695799285
233.75470189122737
241.4530058479011
269.2683518047525
230.2317497598143
261.55998121724156
259.78099118276833
291.6836911120539
232.21141007898962
303.2459289052157
271.72282267314836
273.07735636203967
285.90344004701353
277.29693222162433
236.33344475815366
275.7399228913093
224.2597191868496
261.98174969834645
252.0466386436943
261.9935252704397
303.4439096373866
242.87226217617976
277.03178891070695
242.04206495297785
252.83125061439577
269.5935163539449
274.5840770618534
235.46522474466337
277.3613004526942
239.2476375372532
284.73220917582137
282.0968401063187
268.92041815393463
253.89925450000953
245.86009744543264
266.6701837790791
246.22987016256354
217.52968144665567
259.04627423663845
285.13429882058415
254.81695251128582
239.6213168423305
285.4290506353186
270.5404540824766
256.50974614472796
268.71297812702164
290.15826353013426
255.29210888398205
279.49400004828686
247.87786117895422
266.70319869279626
261.59990475176585
253.9618666727814
326.2135125374328
234.83421007077825
270.543225240859
279.8121422578965
246.79443144462306
271.86232421206967
272.3819673635337
251.6293424608526
283.8464904785735
248.8410177452507
300.7858561693642
242.958019200909
241.1733654430627
262.1471685668285
271.1536855688785
218.06459469297292
241.09932332630137
253.60686925571466
306.57099670277887
286.1498176136041
224.14045943925322
263.0923211537808
270.9224979540751
255.29331435499833
283.2899647123158
235.20134085493038
264.0514723638923
248.55773970838996
231.69202754099348
269.5368676956998
236.9076149308856
308.1174250865179
288.45236343819226
260.96079902024616
259.1912108033046
275.9899284480812
275.368037276779
277.17025393477593
243.13763153382058
259.3298164358431
274.0360249826469
248.44198497233506
271.53260686168727
223.91514896562973
249.6490091786774
273.77228875513174
268.0831487642078
238.4593569164316
286.92740804321994
268.15552962414165
289.526110455603
259.1463564212436
272.50897351014265
259.8308587338166
258.94966669372906
295.01554092182226
255.11110288270248
282.912935535996
243.35738306629858
257.98612242485626
223.63103229335002
259.0376246638216
267.06531037046665
287.86371867879114
249.26351716773672
234.42678970473835
234.04992613479993
256.42649721720915
267.96593378012307
262.11399785641294
258.266176796877
232.02747595557148
269.78036843857524
285.2352396242731
211.3775338968568
257.29027745289955
257.71640598907925
291.1680620932543
287.7534819426976
254.55664764142404
254.73092802452578
264.46130745671894
273.9808831048425
321.7039824073727
235.14140988114107
254.77981171291393
284.252032685259
240.90394760286705
249.33103576179786
280.1579445331455
254.3089057485978
314.7059716909912
241.2364516106689
275.1213084665094
271.09338948571565
281.16653083549767
253.4961319005513
287.3065446109516
278.8819158802502
275.0107390714495
255.67562337832678
265.9562015414438
223.29756318725344
261.7064055683217
266.54896132165953
254.33292557138356
273.75905477135666
256.60011292562535
259.53001163611407
287.02282767904353
257.5282277473812
239.8934724426136
227.12529787409454
295.4802862657702
262.5677450924412
288.0633758211522
261.63026812135945
276.42619517507745
282.2796939608097
297.024737035673
299.8688177855271
284.9431259987157
268.4040742240596
258.67919642215475
284.5873341858083
228.37881052669513
257.60333183192324
264.6605920589783
249.40468778296747
299.62729193860037
263.5984880421929
235.46418897567742
299.4991120565028
270.01500899548
238.2737832886641
303.4704321761799
272.4617230706659
269.2035608601474
289.17945548004644
260.5318436501569
282.24768345055935
257.81453094492696
235.2476650601955
262.90488593613844
