24.80000000000001
17.59999999999999
27.300000000000033
28.400000000000023
30.400000000000027
22.299999999999997
41.20000000000007
22.60000000000001
35.200000000000024
30.10000000000002
28.700000000000014
66.70000000000005
36.20000000000003
39.00000000000004
46.00000000000005
30.40000000000003
27.60000000000002
59.20000000000005
35.30000000000001
52.500000000000036
75.19999999999993
64.80000000000005
41.400000000000055
45.30000000000006
63.40000000000008
52.80000000000004
35.30000000000001
55.50000000000004
50.60000000000005
35.900000000000034
35.200000000000045
55.100000000000044
52.500000000000036
32.400000000000034
58.20000000000006
76.29999999999995
58.60000000000006
59.30000000000007
28.600000000000016
65.70000000000005
63.000000000000036
53.50000000000006
28.500000000000007
51.00000000000005
52.10000000000003
67.90000000000003
25.400000000000006
38.500000000000036
80.79999999999998
70.60000000000002
102.89999999999986
83.79999999999995
44.90000000000008
47.100000000000044
65.60000000000008
76.39999999999998
71.90000000000003
112.49999999999986
83.1999999999999
107.99999999999997
58.40000000000007
54.60000000000004
50.100000000000044
98.99999999999979
96.39999999999995
71.60000000000002
92.29999999999995
44.70000000000006
162.39999999999955
169.09999999999965
162.49999999999977
102.19999999999993
89.19999999999982
151.9999999999997
220.69999999999953
112.79999999999984
40.20000000000001
48.200000000000024
86.59999999999997
44.10000000000002
100.59999999999974
88.99999999999982
102.09999999999982
96.69999999999995
123.19999999999973
70.80000000000004
87.89999999999982
90.89999999999984
103.39999999999993
75.79999999999998
86.19999999999979
101.49999999999982
73.00000000000006
81.89999999999988
144.29999999999978
78.7999999999999
286.70000000000005
74.09999999999988
296.1000000000003
241.9999999999994
86.4999999999999
141.99999999999974
129.79999999999987
158.3999999999997
73.30000000000001
119.09999999999964
146.9999999999995
231.59999999999943
174.89999999999955
83.9
138.39999999999975
84.99999999999967
110.09999999999991
149.89999999999964
110.79999999999978
113.69999999999987
76.09999999999992
107.79999999999993
114.59999999999984
144.5999999999996
214.49999999999946
100.09999999999982
157.09999999999968
118.99999999999986
175.79999999999947
256.99999999999943
382.90000000000157
117.19999999999979
590.4000000000036
78.10000000000005
116.69999999999993
145.09999999999943
167.09999999999968
243.9999999999994
100.9
192.59999999999954
177.89999999999958
76.80000000000004
371.00000000000125
379.30000000000143
318.4000000000006
192.69999999999956
186.3999999999996
443.800000000002
198.39999999999964
169.79999999999964
415.90000000000146
294.80000000000007
88.6999999999998
74.70000000000002
132.4999999999997
307.8000000000005
419.0000000000021
608.7000000000036
561.2000000000036
179.89999999999958
608.7000000000037
111.59999999999984
121.39999999999972
604.300000000003
589.4000000000033
594.2000000000038
231.19999999999942
75.60000000000005
580.0000000000024
116.29999999999981
199.59999999999948
102.99999999999993
593.9000000000032
611.7000000000032
618.6000000000029
584.5000000000028
148.39999999999978
593.7000000000035
157.59999999999977
609.5000000000038
606.2000000000032
597.3000000000023
592.0000000000038
603.0000000000024
595.6000000000038
596.4000000000027
605.7000000000031
589.9000000000023
608.4000000000029
601.7000000000023
364.7000000000004
591.100000000002
472.2000000000014
591.0000000000027
591.3000000000022
586.1000000000026
588.7000000000024
584.000000000003
589.3000000000027
583.2000000000027
591.9000000000017
574.0000000000025
538.2000000000023
598.9000000000019
588.1000000000023
586.6000000000025
591.1000000000026
504.80000000000166
532.8000000000011
582.2000000000023
462.60000000000156
493.40000000000146
470.5000000000015
460.50000000000193
457.9000000000009
330.2000000000001
484.5000000000016
426.6000000000008
421.3000000000012
526.7000000000018
450.000000000001
490.30000000000183
453.90000000000134
404.40000000000106
92.19999999999996
378.30000000000086
538.0000000000024
67.60000000000002
443.20000000000084
405.50000000000114
413.800000000001
301.9000000000005
354.7000000000003
388.90000000000055
332.90000000000094
303.90000000000043
381.90000000000055
390.60000000000105
359.3000000000004
355.7000000000007
391.6000000000006
358.20000000000044
517.5000000000018
351.9
418.90000000000117
362.2000000000004
362.20000000000044
322.1000000000001
351.40000000000066
339.60000000000065
316.7000000000003
295.50000000000017
332.5000000000001
348.8000000000002
337.10000000000036
314.40000000000043
369.0000000000009
316.6000000000006
335.00000000000057
335.00000000000057
313.7999999999997
325.5000000000002
393.200000000001
364.90000000000026
329.5
322.0999999999999
349.4000000000008
311.0000000000002
348.60000000000014
299.4000000000001
320.00000000000034
286.3000000000001
283.2999999999999
298.79999999999995
286.8
278.79999999999995
330.19999999999993
322.1
337.40000000000043
316.20000000000005
316.3999999999997
314.0
276.4000000000001
291.29999999999995
296.00000000000017
271.2999999999999
270.6999999999998
317.79999999999995
267.4
326.4
282.2999999999999
96.39999999999995
219.1999999999998
320.3000000000004
360.5000000000003
260.8999999999994
317.7999999999999
305.5999999999998
305.5
240.0999999999998
333.60000000000014
242.19999999999976
295.40000000000015
331.8000000000004
275.1000000000001
295.79999999999995
279.89999999999964
291.59999999999974
335.0000000000003
229.09999999999988
362.7000000000005
344.1000000000006
267.2999999999998
339.60000000000036
251.3999999999997
259.5999999999998
276.1999999999996
280.79999999999984
65.10000000000008
292.20000000000005
289.79999999999984
281.59999999999997
217.59999999999985
259.39999999999986
297.1999999999998
311.7000000000001
267.79999999999984
258.39999999999964
221.29999999999976
274.29999999999995
242.69999999999973
283.6999999999997
237.29999999999967
335.79999999999984
251.4999999999997
287.0000000000001
250.4999999999997
249.49999999999963
229.69999999999976
279.2999999999996
154.49999999999977
250.09999999999974
257.7999999999997
266.99999999999983
239.99999999999977
232.0999999999997
226.39999999999975
271.2999999999997
254.79999999999973
276.9999999999999
300.89999999999986
252.09999999999962
224.6999999999997
62.90000000000001
257.9999999999998
84.69999999999996
274.2999999999998
194.99999999999972
230.29999999999978
224.2999999999998
231.7999999999997
256.3999999999995
101.69999999999987
225.09999999999985
272.1999999999999
256.29999999999967
257.4999999999997
262.9999999999999
183.4999999999997
254.09999999999968
296.4000000000001
239.29999999999953
249.99999999999977
207.29999999999993
251.89999999999984
236.29999999999964
55.900000000000034
20.400000000000002
220.69999999999987
228.59999999999985
66.90000000000003
52.000000000000036
223.0999999999998
218.89999999999975
236.3999999999998
175.79999999999978
26.900000000000002
260.19999999999965
284.3999999999999
262.09999999999985
214.1999999999997
232.09999999999988
260.7999999999997
230.19999999999968
229.5999999999998
201.29999999999976
265.2999999999997
211.09999999999977
54.30000000000004
221.69999999999987
262.2
253.7999999999997
220.1999999999998
270.2999999999998
91.20000000000003
246.6999999999998
241.19999999999968
228.99999999999974
206.69999999999973
255.89999999999975
217.89999999999984
56.70000000000006
228.49999999999972
65.30000000000004
215.49999999999977
267.39999999999975
47.50000000000004
255.3999999999997
229.4999999999996
211.29999999999984
215.8999999999998
279.3000000000001
57.60000000000003
233.89999999999972
240.99999999999966
237.0999999999998
255.99999999999986
220.4999999999998
69.00000000000003
218.09999999999985
251.09999999999985
232.49999999999983
207.29999999999973
229.29999999999973
72.30000000000003
242.2999999999998
46.20000000000003
205.79999999999976
200.89999999999986
249.5999999999996
176.49999999999986
263.19999999999976
214.39999999999984
242.89999999999978
228.19999999999973
229.2999999999998
102.39999999999992
224.29999999999978
220.99999999999994
207.09999999999994
202.99999999999977
211.99999999999986
219.7999999999997
244.7999999999998
197.49999999999974
224.19999999999985
217.8999999999997
235.79999999999964
228.3999999999998
204.9999999999998
129.29999999999993
230.2999999999998
220.5999999999998
201.49999999999991
201.4999999999999
203.79999999999978
207.9999999999999
114.39999999999988
210.1999999999999
187.79999999999993
216.0999999999997
202.0999999999999
201.49999999999974
208.8999999999999
230.69999999999968
101.6999999999999
88.09999999999998
220.7999999999999
164.09999999999968
207.59999999999982
200.89999999999978
211.19999999999982
215.49999999999983
202.5999999999999
230.09999999999974
242.79999999999978
194.09999999999968
184.69999999999965
193.49999999999994
177.49999999999977
203.19999999999985
202.29999999999984
171.59999999999997
189.49999999999972
67.60000000000001
245.99999999999977
108.6999999999999
220.5999999999998
201.39999999999978
202.39999999999986
198.99999999999994
194.29999999999993
195.19999999999976
131.6999999999998
184.89999999999975
162.49999999999983
198.1999999999997
193.9999999999998
86.19999999999993
194.89999999999975
221.8999999999998
165.99999999999977
193.8999999999998
188.0999999999999
218.19999999999976
199.59999999999974
200.59999999999988
187.99999999999966
230.79999999999976
168.29999999999984
197.69999999999976
208.99999999999974
184.7999999999997
210.5999999999998
193.7999999999999
175.79999999999984
191.49999999999991
207.29999999999987
201.69999999999985
248.1999999999998
112.79999999999984
191.59999999999985
237.9999999999998
204.09999999999985
207.69999999999973
179.09999999999985
204.39999999999984
221.79999999999995
206.0999999999997
207.39999999999978
169.89999999999995
208.09999999999974
235.39999999999992
207.99999999999974
189.09999999999994
205.9999999999998
202.39999999999984
192.39999999999992
226.39999999999975
180.09999999999985
173.89999999999986
232.29999999999978
159.89999999999986
204.49999999999974
229.89999999999978
205.09999999999965
221.49999999999983
170.09999999999985
202.09999999999982
190.39999999999972
191.8999999999999
170.3999999999999
217.39999999999978
185.8999999999999
207.19999999999987
192.19999999999987
157.29999999999998
233.39999999999964
214.99999999999983
194.79999999999987
216.1999999999999
247.9999999999997
193.49999999999986
219.99999999999977
194.79999999999978
172.6999999999997
221.89999999999972
148.49999999999994
210.79999999999976
204.89999999999975
227.29999999999976
198.89999999999978
169.19999999999996
219.59999999999982
252.6999999999998
212.69999999999996
176.09999999999994
211.6999999999999
192.09999999999988
189.49999999999991
170.99999999999986
87.99999999999994
183.19999999999987
191.09999999999994
180.99999999999983
198.19999999999996
186.59999999999985
183.69999999999973
172.4999999999999
181.29999999999984
169.69999999999985
180.59999999999982
226.0999999999997
168.99999999999994
162.69999999999996
182.19999999999996
168.09999999999997
215.19999999999973
168.29999999999993
79.7
185.59999999999985
124.09999999999982
188.89999999999998
161.79999999999902
186.79999999999978
194.49999999999991
186.6999999999999
226.79999999999978
150.99999999999991
211.29999999999984
202.1999999999998
105.79999999999993
200.2999999999998
189.19999999999982
189.69999999999985
183.5999999999999
191.09999999999988
184.3999999999998
213.39999999999992
173.49999999999986
82.09999999999991
193.19999999999987
188.39999999999978
181.4999999999999
173.89999999999984
171.9999999999999
113.39999999999985
181.6999999999999
172.19999999999987
190.19999999999982
195.0999999999998
170.69999999999996
197.8999999999999
191.0999999999998
163.29999999999993
182.59999999999985
178.39999999999986
199.09999999999985
196.1999999999999
184.0999999999999
168.89999999999992
216.39999999999986
190.4999999999999
189.89999999999995
170.2999999999998
197.19999999999956
170.39999999999992
179.69999999999982
184.99999999999977
201.7999999999999
172.99999999999986
209.09999999999985
157.89999999999995
165.09999999999982
160.69999999999996
157.09999999999997
212.49999999999983
191.3999999999999
169.4999999999999
219.2999999999997
163.2999999999999
174.7999999999998
177.09999999999994
155.59999999999994
185.69999999999976
232.69999999999987
202.5999999999999
192.99999999999986
166.39999999999992
148.09999999999994
161.19999999999987
171.0999999999999
67.89999999999996
182.8999999999999
193.59999999999988
189.7999999999999
148.49999999999991
154.99999999999994
180.9999999999997
50.60000000000003
149.7999999999999
167.7999999999999
173.79999999999987
155.89999999999986
147.99999999999991
164.59999999999985
143.79999999999998
211.4999999999998
173.1999999999999
181.69999999999987
185.3999999999999
155.39999999999995
165.69999999999973
154.5999999999999
151.39999999999998
209.2999999999998
150.49999999999994
158.79999999999973
196.69999999999996
163.39999999999986
176.69999999999976
84.39999999999995
180.99999999999994
172.90000000000003
161.29999999999995
219.29999999999993
166.8999999999999
211.3999999999999
186.29999999999993
210.89999999999972
212.6999999999999
181.2999999999998
200.49999999999974
200.6999999999999
212.59999999999985
201.49999999999994
165.89999999999986
189.59999999999994
198.4999999999999
129.29999999999987
162.0999999999999
166.7
182.8999999999999
192.99999999999994
132.59999999999988
194.59999999999982
186.1999999999999
166.59999999999994
186.89999999999986
152.1999999999999
217.89999999999986
163.89999999999986
196.19999999999996
157.49999999999991
181.89999999999992
55.10000000000005
177.89999999999992
150.0999999999999
164.19999999999985
169.2999999999998
161.59999999999994
150.6
201.39999999999978
168.29999999999993
165.2999999999999
180.59999999999982
196.0999999999998
185.3999999999999
152.9999999999999
149.29999999999978
165.39999999999975
172.49999999999994
154.8999999999997
160.9999999999999
174.39999999999992
140.4999999999998
175.29999999999995
164.39999999999986
121.79999999999995
156.9999999999999
169.09999999999994
147.89999999999992
172.19999999999993
194.39999999999984
181.09999999999988
174.0999999999999
142.6999999999999
163.89999999999978
160.89999999999998
202.79999999999987
141.8
102.69999999999997
126.1999999999999
154.99999999999994
176.29999999999976
167.89999999999992
152.69999999999982
159.09999999999994
50.70000000000003
150.6
204.79999999999978
162.99999999999986
124.19999999999995
145.29999999999993
90.19999999999996
166.39999999999998
177.79999999999995
139.59999999999988
175.49999999999986
101.19999999999993
146.99999999999997
166.3
162.29999999999984
145.6999999999998
155.29999999999987
145.0999999999998
149.99999999999991
172.89999999999995
181.5999999999999
158.49999999999997
168.59999999999997
165.29999999999976
177.3999999999999
154.99999999999986
158.09999999999994
171.8999999999999
177.2999999999999
98.2999999999999
163.79999999999993
205.59999999999994
148.49999999999994
158.0999999999999
164.79999999999995
176.49999999999991
177.09999999999994
180.29999999999993
161.5999999999998
161.29999999999995
146.5999999999998
123.39999999999982
159.69999999999987
61.600000000000044
147.29999999999995
154.59999999999994
131.8999999999999
150.19999999999996
154.79999999999995
146.59999999999994
177.8999999999999
154.89999999999995
169.49999999999974
134.1999999999998
159.79999999999987
134.19999999999982
162.29999999999995
134.6999999999999
113.69999999999993
166.49999999999986
121.19999999999996
163.49999999999986
150.79999999999995
175.39999999999992
150.19999999999985
147.99999999999997
151.39999999999986
166.09999999999997
169.2999999999999
145.59999999999988
134.69999999999993
182.69999999999982
129.99999999999994
140.9999999999998
166.59999999999988
136.39999999999984
131.79999999999995
133.7999999999999
97.89999999999992
163.09999999999997
149.4999999999999
147.4999999999999
142.49999999999997
135.1
152.09999999999988
155.3999999999999
146.09999999999994
179.89999999999986
160.39999999999984
133.39999999999992
174.39999999999986
154.2999999999998
153.19999999999993
137.39999999999995
156.5999999999999
163.99999999999997
169.09999999999982
157.79999999999987
157.29999999999993
138.5999999999999
152.19999999999993
159.69999999999987
183.99999999999997
129.69999999999996
151.19999999999987
124.59999999999991
62.30000000000004
132.9999999999999
200.89999999999998
137.19999999999996
159.49999999999994
130.0999999999998
142.69999999999987
178.29999999999987
123.7
169.29999999999984
153.39999999999992
140.8999999999999
102.19999999999995
151.7999999999999
126.10000000000001
150.7999999999999
152.5
118.29999999999998
175.39999999999998
140.4999999999999
151.09999999999977
141.8999999999999
175.6999999999999
185.8
124.29999999999998
192.69999999999993
153.99999999999986
136.3999999999999
139.7999999999999
148.7999999999999
73.00000000000003
131.3999999999999
164.09999999999994
142.79999999999993
150.99999999999983
150.1
162.29999999999998
114.09999999999998
104.99999999999991
111.29999999999995
122.49999999999996
143.3999999999999
134.69999999999993
148.69999999999987
114.29999999999987
163.49999999999994
148.59999999999982
124.89999999999995
119.0
140.29999999999998
143.89999999999978
127.99999999999994
151.4999999999999
135.59999999999988
133.89999999999995
148.39999999999992
52.30000000000004
184.39999999999998
128.8999999999999
137.19999999999987
123.69999999999996
129.69999999999993
140.29999999999987
145.7999999999998
162.7999999999999
156.19999999999993
135.5999999999999
129.29999999999998
146.4999999999998
128.9999999999999
146.2999999999999
139.99999999999997
136.59999999999994
119.69999999999997
143.4999999999999
126.09999999999988
146.89999999999986
135.8999999999999
131.7999999999999
144.69999999999985
140.7
131.89999999999995
127.1999999999999
64.30000000000004
112.59999999999997
140.49999999999997
103.99999999999994
107.49999999999997
160.69999999999985
136.19999999999985
163.9999999999999
139.8999999999999
132.09999999999988
121.89999999999995
140.0999999999998
157.49999999999983
154.6999999999999
124.59999999999994
155.99999999999972
136.1999999999998
138.09999999999994
114.99999999999997
127.49999999999997
114.99999999999989
123.29999999999993
129.49999999999997
128.49999999999991
149.1999999999999
133.2
141.79999999999995
