-518.018275514099
-633.4402509578127
-763.9723676516228
6.564345692759915
-750.8337288138464
-271.5609959653404
-541.4980187148674
-248.64592717365366
-496.97603925917326
-525.1426379289467
-577.5799963584086
-971.1729928614734
-616.8725478825249
-671.8287817249991
-752.9417690304454
-620.9317293832166
-612.1423307386912
-915.4116194243396
-500.9273305063343
36.1067416821789
-811.2586920125406
-752.0736922204599
-655.0918150146204
-847.8093606726802
-590.7117483764831
-455.8184966947104
272.5721910067721
-748.7208114665125
-715.8782891704777
-569.5247386222127
-664.3357535143077
-305.90329839862216
-728.9113379782142
-571.5064404827203
-919.6952878800439
-812.565692512085
-630.0243488438956
-716.3171551645878
-570.1816036751529
-699.0792441055892
-694.8920832210105
-600.7864531458122
-258.87548373548356
-325.5676758730992
-765.9388464030844
-950.5416049483513
-535.9970393178487
-481.598385890879
-351.74883424556555
-225.04360165478877
-328.4748957458792
-248.3453413320172
-772.9600870879003
-672.4897805672346
-36.97997311440582
-329.0067945490252
-818.4153969039835
-490.39245545631604
-295.8778003304527
-462.7531300163021
-243.47870542809326
-649.7906096780041
-626.8441590578564
-765.4658089107887
-962.6644115620957
-813.6247661774372
-321.06045604892074
80.04199758343674
-798.0325810215269
-441.13107606473795
-565.4394841110394
-220.20250875217783
-25.584159421241964
-963.3014452429674
-773.5237924932528
-675.5938385986223
-245.24513058708487
-287.9677045111429
-220.27444320484926
-128.73624155109727
57.9691001488502
-591.9159044718491
21.844549442422817
60.97014380366193
-251.21441461562944
-228.20612729563044
156.30000838010724
-308.4485609241117
52.84290104313658
-295.82680510043326
-410.58608307452783
-152.00272415925744
12.796376279638423
-714.8474148518343
-495.7955373052537
-331.59137887221334
-9.051932053061137
-417.40263358988597
-1079.0634048108334
186.8637359184495
-693.1440935411607
-98.42834305676158
-166.08111486996182
-203.01322644053397
-708.0729268624093
-552.4784587421093
66.72395147428668
-1288.3410514548345
-681.4995600237316
-430.3285905498578
-428.78162775593773
-593.8401892026035
-442.50727333975124
185.83460863108542
62.498344606519495
-568.4010193220425
-376.4974346914015
208.81120958913758
-92.2988496933304
-311.043651046747
-693.150891613784
-256.9083179433269
213.50215998159877
-267.56201498659095
-418.51233309124336
163.05680409102584
28.230034384205197
-81.91665181424742
-279.5032778651655
-478.9468945677537
78.85787053941277
294.69004257606946
-305.56845439678506
-275.5061169386724
-180.4194192139037
276.45062807123355
-480.07981086328573
-406.2703894451889
-382.3383040217343
155.5633570173814
180.55511901229485
-220.47518123339034
219.30646159707283
128.6810896472742
108.26177619060552
332.46523055278743
209.20022134930946
186.28377141532914
-218.00101106983325
176.59421332326153
151.8584174308663
-434.2687017502184
192.0062337164303
-698.718657366827
209.99083936421633
309.44198217355034
-200.2343993815852
178.95742068460197
-262.0536484643407
-273.906214726271
-532.3341756795895
-452.4421962763479
-166.60855793549098
200.75590102989318
-250.597941441611
-334.66047392450287
-168.96761456211567
140.41592633533529
-219.74094517539137
-242.59994546835995
-161.13173738172063
-212.17396831538434
293.29379915622286
-231.12728029404033
232.91511835291152
-438.34852120632166
-83.22744524834165
-127.95566682601303
-362.7913874455213
-162.4997095445957
-190.7619411468264
-375.74873889220584
-161.61089613443673
-506.37485757194435
-142.92117724853662
-61.080004965298855
293.7256632249083
-117.79322086556273
307.1144181768086
-93.03175989783084
-122.39621432885387
-83.42226266852059
-43.652722346118715
-366.95582143158003
-56.41085512625571
-259.25557886355546
-27.22455817886727
204.66580966827692
201.02155814044082
-553.2279495838573
-249.9325098929464
-455.16956082920524
67.47858076438355
314.48571985119605
378.6713123789416
-67.1864789438802
365.31220274158625
380.49059959634394
402.1936227204432
-503.0227427708329
412.2537637983402
403.85162048514997
352.7216275736161
432.59956059077035
344.90411627997213
354.7919555806234
382.85060047728996
-554.818283836008
393.49934285890214
366.0369728408113
-809.2175620347984
273.8985440103014
-354.1578059676466
-702.7980519040767
363.496967384366
-1032.331410493398
289.41486914536273
338.05049403613344
214.62608848177126
419.6471616287422
141.79471883817973
-459.93495099837105
381.0041481051475
1.1993944986958809
358.15486001245193
-327.4291994566754
11.385490571343183
-58.23324457867005
-756.2162462201582
-289.2631654339273
193.16227272361428
417.18471334371054
349.84886140874926
443.673544833733
393.9457129828201
58.32438308264648
409.9164527590164
91.8016525660831
291.0571045272277
-204.69040060288654
339.03068549884097
411.8051729445193
-628.3249717541648
-513.997855648007
393.8678221475459
383.9484334115952
397.9923900997577
181.54166201212462
-186.09455063368117
368.44171407132166
308.23398068124663
357.2220020374695
132.5524773486443
398.5630419519688
252.3295490311068
367.32122706941914
254.62306205355623
395.2394892395748
-440.7673220532389
394.500226620842
396.40852695017514
430.5885756813049
198.77370205994686
312.3836250418006
-385.3617384465969
402.7392300208954
301.103283454829
335.8512589117261
260.2636580785385
-400.4687095999859
194.02870374135261
282.7054756727091
388.5198801783497
-224.79459384686544
406.1654730110308
387.2576818687222
353.3609376031304
-878.7158990702673
105.09470571397043
317.5780145907954
60.653132132031544
298.14740678672297
354.86842276798893
349.1283771340593
403.93483542599074
379.110185791959
185.6879583344893
277.84802069793227
15.05920229612456
-508.77246956217255
338.0516104669945
316.7213631080152
424.5788191187006
400.9219645170052
317.45913062420334
328.76967866211754
83.66244730417046
-344.31447427470914
356.5656410080752
-101.61803419362525
410.32453341123954
393.9590587404582
397.4907149444013
398.5728734138487
140.03515663840832
26.071934728555686
364.53509860794907
392.7837737723016
385.34623849629224
374.55568141442643
284.4487388524371
392.2477586451259
313.581240607646
420.4242592930605
422.56704506397443
381.3705601996502
383.649510569944
355.2568787076144
387.2413816787443
319.3875416187566
376.1080883177175
8.206819466708396
264.2615387290735
230.9410647142717
302.54048884731026
176.34391651214787
-240.37763818200156
400.8422021380622
359.4538424425774
-81.95880292937295
426.181674531647
414.94095867933993
341.0904336706993
348.86604739357915
440.28893409610936
411.3481735219326
391.69739994264535
331.2477250795941
393.47081637545443
-700.6553110935934
394.55608098347733
-148.96086407832865
353.1404583327734
185.21202151074795
105.50710749346425
407.4968337098393
397.64506375100814
378.1202005692089
156.00004601464468
404.3747765887524
347.6787330712381
383.21552697529535
412.113207590746
415.04234003845374
165.13111059938407
427.4324130569846
-31.670758142193364
403.08872431323095
217.8006071815508
397.73072394342694
357.13272297637235
440.01711496229177
194.95784364078355
-256.7159729387522
407.5965519974566
445.35127769326107
-222.7892179598754
172.2053394580529
420.1591522564811
407.0879842377954
394.89831024952207
-378.1916459346671
-207.97162602528658
176.1877994718747
369.7355763123067
344.37957417970824
410.22896078885935
407.92692982487927
378.677253194135
425.9280489546611
399.27373878332304
386.9396578603656
253.80745737962633
410.66290178515345
173.87985267979568
378.3444071327181
374.6749967642395
382.15800838220605
386.97079056404687
393.2479427447409
255.58527464915815
308.8052014912829
426.5736575047851
410.50385231806723
386.9239865773613
160.88391788877908
431.1706491989931
159.80417125024604
409.95329873630044
175.23582130559788
246.48793518491578
391.23562470535427
173.02946118651707
310.26324779373476
442.7171296550608
457.55388089253825
242.55958895126412
316.23291118712814
-71.50849522097903
409.9571883603837
408.9879424987132
424.7612781225987
324.0547413535707
417.3896419858061
254.5773496093372
339.3459758413575
340.45649063842654
332.8863282115807
370.38583844984726
310.99139732741855
233.30614842481856
347.82800830186204
182.05793881269435
379.7023449337809
444.4299156432206
205.67708363580417
355.61879013872704
250.19860306851695
416.32386046606814
425.5862223550463
418.29807825038927
396.04192626990505
285.5398364457197
410.08990115307495
352.60160751718973
418.13602377173714
382.21027069058925
332.33946341024006
336.1089262780507
360.5218219280159
365.9937519381992
355.31511158964264
401.3308829452828
225.02954158747738
409.58243357842457
322.61731435382853
261.9600294202898
373.48117225875535
336.48843290719805
422.3598118198951
432.32012752297726
408.0641193878043
438.4943587523886
290.95163058343763
443.34909672757385
366.1472995887742
436.4682534713779
343.9692822095842
393.50295043091745
406.73830854373983
307.68746311857313
299.42609146568964
235.26388290371534
368.96729032918364
271.69104477978664
386.73329226797387
445.3077927247332
427.37082046585215
432.35189408769514
446.14804616577464
235.79028776919884
336.64202345736214
433.49662338519613
163.53343642169895
448.85839151846545
320.0322181545981
405.5578238706771
436.5139392814706
415.0478254203056
424.8685929177237
236.94545287799787
394.66011122844776
189.75336168907256
420.6854643016589
439.54104741894895
436.6507779844518
316.3697357090811
425.67806571164715
437.6607910975737
219.76137510225422
447.7878069749219
415.65963186314855
397.15385587049127
435.7911642699376
229.01433289687552
349.71649849109656
381.08989766424907
357.47432096472033
336.2462321566597
402.0927445252148
432.10431574367703
418.53648396414127
432.6881951182854
410.7933567477827
423.154660988001
276.13915736250357
413.3080915024646
450.141152858639
352.85366092506735
424.89974685871357
437.670063814415
313.731012429344
436.6383758248501
367.7700895683334
424.4415379952269
345.6118384309027
253.28956751727426
437.3543608475851
331.47772241501383
434.0335047100413
426.3879008897118
411.09294813704395
454.45039847261137
329.2553649136653
352.0140229652391
424.3851025171732
373.6657559837294
421.73834273028683
321.67733687561605
427.27046325599883
427.80748448312966
415.9606739618324
430.85098101845637
431.86098048016913
423.67123528878994
382.20689425926105
413.81849895595565
358.7117816444594
301.6679355410901
312.7167594304246
371.9971883847122
421.13482313896856
379.6642640311901
419.1707203168761
445.13437226749073
420.1859692770161
413.83717058528595
437.70537158177666
402.2990323558147
433.0180489829663
448.52299838890156
373.6543740546216
359.6105028548946
354.0868117063776
343.64961541426067
433.075337926329
427.23612776269994
355.9099478433671
436.0493307387063
404.8299399196354
420.5580318466617
401.8944612826839
428.11938233157525
355.05895891288804
370.3116816050615
355.30039288675215
362.667514893222
337.50941459562887
414.9229574623314
403.5281922066332
323.4286152721894
370.95461470796454
431.49706959948844
403.32608332537313
430.8068266175952
357.6485305472225
371.87119001493807
259.3600698277655
375.8100048734509
333.5178141833242
447.45082652883843
411.9221251292015
426.35628073963414
444.586991446154
435.76701190841345
380.51546839612945
416.9633990532258
407.71930167748303
355.58196926695484
339.36163955738215
360.9165899200343
452.482547503361
426.13243218016885
438.70944672572614
442.21791864518985
153.49023267375233
421.6093623259943
303.42127915926005
368.002838612849
320.40443961783825
410.49348801272083
434.5716009104077
411.4973086931054
360.3901612184822
374.5464071986531
392.1722126094416
376.8921076611556
239.16323418717604
441.42494768154484
443.45045192090276
437.6543727614895
439.2038053726711
433.77043148288465
436.85858544128746
415.3940832910323
324.1541030408686
265.67075542780776
421.2889532518294
357.02855070278815
414.35045003974324
417.417658956393
424.79205292687703
279.07977087641314
420.0996719120626
436.00056703054616
427.4582036265812
417.23230828818987
411.2862433300149
416.3314461420383
357.02210555743216
423.27638698453546
408.1023136297645
380.4370176800567
429.6525679384812
378.2934907750286
372.15290231823104
410.89553221686805
455.96409438167706
346.65031942210317
363.4654594245353
435.09506140419114
391.9192536847958
354.810143011508
426.56985745203247
433.1698388531562
374.7743445668802
296.1055369131228
426.61530114123804
409.5940095433566
317.49737115202817
366.2451132214443
418.0952824720985
367.9700126874758
273.84899837118724
375.81766291625536
373.08213136166063
413.11893821284264
318.53096727188
353.4905898630883
325.5037005585497
430.81812256383364
356.6418004578968
365.4364040735105
443.8183901197496
444.5812367183077
337.0716703805722
376.825751257672
409.9004215536825
270.5618414278878
389.34492488877845
431.5718190652658
340.0074945872614
347.67816683156803
428.8012649053637
359.6537362927294
-23.965264434853864
424.6426009909444
431.0952183286324
393.884722826741
365.8129936782842
344.75437314366593
379.97112783720524
425.7784986128362
356.24041616654665
433.3237592128854
443.31880775336447
451.51358794870424
321.5995622946131
368.17086292998636
387.73707686296314
335.1770963841517
407.88618445374357
340.10853013718054
416.24674565841985
281.648482371073
368.4163674772685
383.27554281021196
265.5855967161317
442.0231376446907
155.25456297103867
368.6656659723727
360.89338438609843
430.8644672711547
386.0158194800343
376.77866840542015
289.087804864074
360.1243098060345
418.1268520893343
428.200036009427
404.8212893697742
384.00117494322933
373.24876706139815
367.0320831970073
430.47584406265423
253.4656003643244
322.5055020417038
426.64991558316217
434.5461613420153
415.3178955177322
356.54886700268435
395.8308140109257
445.03093770292395
444.7026470529409
424.8853006331043
387.88801821923016
411.2783593240297
350.2780727415873
429.98292067144257
377.73162160623195
374.35251969698726
419.4666499646357
211.9087230704218
452.05207880732314
344.70320629608506
293.7912341988194
421.77579430853234
289.4173303617217
341.2300694600898
329.862793359907
142.57009365834915
431.26148256835313
431.1418105761596
338.0796499676413
409.23821200482115
415.8322261053243
427.01213275013583
409.2045224779499
431.9367361902714
338.58409768879136
335.8958164998435
452.5081033609775
433.3542800195713
418.3410358537248
377.2057126597131
329.3338420378361
426.5025497464451
379.7022274850558
380.23265602646154
403.42052588229194
386.21214261543867
317.9015027145521
431.8584494832837
359.36811016959945
427.79605778289323
428.261317664202
372.33910986598653
436.00470281769157
335.07289650884366
353.1079894710305
438.444257221616
444.80040235098045
412.8128587024807
360.1870458759032
351.92970905542813
127.17663711498577
406.23433859843055
318.9937430723075
443.0153945485331
320.23184114985946
362.6264835629473
313.987338783259
348.84212344965886
447.34295431673746
367.55086412307287
392.28909744481
329.33869409191215
429.99783806717045
363.2585345251569
356.27771959429987
276.34254164347806
357.59378033000786
401.3550462275857
404.6588388260576
418.3269443689795
385.5952648687303
426.6870041612469
432.78199270990734
337.66801698105553
345.43404137202765
377.4698228773975
367.7886036714548
326.0041393840976
414.1105700794817
317.8763327200985
426.39846714355554
337.31611039069384
426.19269177996324
297.7058346296056
216.13940675290434
306.8472705984754
358.93058658950076
319.2928853226046
408.2781710885743
444.53634512507233
402.40770085502135
311.35963071981985
324.644984536062
234.16488042061465
426.4743581648247
340.47419652535325
410.6400352657723
321.4987225888739
357.14184446974934
297.68549296760233
356.60180408838175
354.62721437244767
345.8572481364094
302.0799885828955
350.9213269099674
432.79720031467605
366.58320015217777
419.074763697905
315.06593872185437
299.193112596978
414.70934368591827
355.7609485858087
407.68811247790234
352.9403003676184
365.9029461014894
414.07881471699704
396.0360365332648
313.3532065098377
371.8712552390117
406.75787650243217
407.5298538026954
363.12397992653575
389.28335186072366
399.9858021741008
442.05696598204065
348.2712141525741
411.3850688329148
423.46362603185156
320.40109383918417
373.1353520267956
376.2237294642164
413.9793684367812
363.1408142318301
426.7648180610966
319.6149245995601
353.3106545074084
358.6870615406368
378.08536410073793
441.08259240086613
390.4708264670336
415.2278602255625
346.8480081816292
398.59297399464555
407.32900699878314
436.4842722890906
388.23654490246946
335.4644275044718
374.1026622919307
354.6478685686141
434.29825503178233
359.859430196851
355.1590366022782
355.8818417673647
356.7100167884122
384.76790397984183
429.57181945815796
242.1011472970716
419.45191217718593
304.74610092336
409.9150865786605
370.7818558795931
422.9491779418622
427.95823441242163
324.4294518617595
381.4139621797967
362.1285099318691
410.1318820576091
369.2614546811204
284.4175016766875
339.84029660330975
415.77818054724054
397.5179784011381
370.40986544407053
398.6137667554034
376.34203659757986
394.81421888653296
441.57066152031314
360.9905901037407
356.48620343823995
322.7493299957201
378.8158254693516
313.80933740750726
384.4797391881943
403.35706745584935
415.64196027602156
363.1964577911666
242.15357100660805
394.4183161300025
369.58050236096705
330.8202666849801
356.0366579026882
412.61708850505534
379.10890104124456
392.7803302695155
335.12102563669345
326.85348842027304
406.8379250967745
376.96024380112084
307.6954737120689
347.3478262177011
411.1238310041068
390.5421208236384
340.92715603939655
418.60584071513324
403.4601887353602
364.8746256284116
423.7858610600323
392.8088907495753
412.76241506982274
348.2754374480461
400.02427504314863
351.29643765409844
116.43859532819612
421.93177866758276
373.6266555055245
335.61880897523304
338.45990504277665
401.6981080074015
322.88318923210056
387.2280156685559
408.4552335147067
362.5874616466582
416.0963921408667
399.2430450898215
378.35852797439827
363.256743389923
361.87806712829627
352.09524734491583
420.6090184814931
395.6955537036142
396.11157643603417
419.28150535981183
325.0622864028021
432.2839124569864
411.34334361866445
358.5918108109011
379.6173931095851
404.1740756588842
366.104322327003
-76.59662164985731
379.1769949021162
392.5030603282661
338.5579860893352
289.65098505885777
311.8597395974886
434.16969155144636
325.4901041165165
354.9715704080601
427.0129204693516
308.1627889201109
412.10885906439376
329.773006936378
325.19821675923174
343.15268230464744
371.7084869933011
403.5263835057069
376.69931838456114
402.17586737580325
383.61330527700795
389.23276740247786
387.6078842965959
416.3262261300779
427.8319456017445
338.0074465878025
336.71135589260103
425.57656164592015
