100
94
76
96
84
65
98
145
91
90
79
94
135
65
140
100
73
156
82
111
113
107
98
69
98
85
112
122
81
103
150
76
125
73
131
93
106
120
176
146
137
162
97
161
87
95
82
134
169
190
105
103
128
93
104
127
178
321
129
134
114
264
180
127
141
165
127
243
214
267
139
96
204
136
176
163
122
107
173
224
128
199
215
186
119
101
183
174
153
269
336
199
166
75
123
233
189
172
196
243
223
429
199
471
123
153
508
584
250
243
188
215
158
309
111
177
227
263
299
188
236
806
170
552
243
351
276
245
1000
180
174
521
411
331
238
257
179
375
287
183
333
341
626
165
119
318
360
1000
711
225
225
221
244
207
348
773
497
156
332
187
165
1000
1000
386
800
1000
406
1000
1000
1000
221
160
171
1000
1000
1000
1000
1000
391
245
562
1000
1000
1000
1000
1000
1000
1000
1000
1000
718
1000
1000
1000
1000
903
1000
1000
1000
656
955
982
903
961
872
709
671
933
938
572
900
760
1000
383
631
1000
401
348
706
757
815
552
663
866
725
718
1000
650
391
511
539
452
501
472
349
834
816
1000
671
368
472
713
447
573
133
740
503
432
428
444
330
412
450
449
780
388
384
871
459
300
350
419
769
566
389
390
332
357
350
309
309
343
466
420
163
353
166
427
514
386
495
310
348
331
367
370
380
303
420
291
339
426
335
389
355
132
454
350
387
282
401
434
340
361
329
348
391
382
350
338
330
320
289
319
308
266
331
225
394
354
197
628
280
289
211
458
418
360
341
287
292
342
322
330
293
391
286
290
340
421
305
307
385
242
350
261
288
290
270
314
284
350
327
319
294
268
308
345
241
162
376
324
306
293
294
216
368
281
244
284
243
253
254
414
364
318
300
374
367
302
346
365
237
284
213
336
265
291
145
237
227
266
196
380
273
258
315
379
286
283
309
280
351
271
307
338
271
236
298
196
241
301
280
218
217
251
191
259
218
215
264
253
308
251
238
260
293
313
295
158
280
388
187
257
243
273
310
261
352
215
258
201
209
198
263
234
241
310
329
339
262
286
271
263
191
281
251
301
252
202
217
261
238
248
340
236
308
250
265
252
237
324
234
169
309
426
323
385
230
225
170
261
243
291
271
273
318
288
260
236
278
347
272
281
251
261
188
296
263
373
277
333
261
403
269
271
270
230
224
316
317
429
248
221
333
223
317
361
307
268
226
257
296
233
249
278
274
199
282
207
228
408
347
156
270
222
254
233
237
257
243
263
234
251
346
313
207
309
291
362
283
324
284
329
229
326
227
234
246
149
251
247
382
256
270
276
296
356
271
234
267
317
233
340
333
251
304
292
288
269
287
281
282
142
309
128
243
202
289
268
290
240
297
197
232
253
231
273
164
275
212
267
325
308
212
259
220
224
286
278
160
225
249
241
248
259
155
183
240
288
232
248
259
229
278
228
248
248
278
250
257
253
239
219
248
234
258
290
287
278
314
250
300
278
321
217
298
253
145
286
256
313
76
90
288
273
265
287
223
168
255
207
235
240
233
259
263
247
210
249
267
275
275
209
239
292
332
234
142
337
216
247
247
178
217
221
236
147
875
131
219
240
265
271
162
270
209
247
235
206
269
248
206
254
229
258
302
372
277
188
85
240
240
270
242
228
202
192
241
190
94
253
208
218
248
298
244
267
206
278
246
168
245
187
150
225
196
193
198
193
253
231
143
146
254
261
197
101
248
216
135
124
119
214
211
161
260
247
284
280
157
220
132
135
283
187
190
263
114
222
190
180
264
178
286
216
337
205
220
135
205
208
167
249
273
227
205
220
199
261
230
185
265
261
234
188
205
217
216
207
179
238
221
180
238
224
150
187
275
121
183
244
247
178
130
197
227
277
113
191
203
208
193
212
263
157
173
223
157
239
253
269
176
245
218
175
192
180
218
150
182
255
245
181
409
214
178
166
182
171
252
225
210
206
264
179
220
244
170
136
157
169
203
72
204
169
180
189
235
155
245
206
257
174
196
194
228
229
252
209
244
157
176
232
188
188
159
261
176
243
246
139
189
173
195
248
201
212
183
223
206
193
192
193
219
140
165
158
170
214
246
226
167
237
199
221
170
153
229
159
234
151
173
300
198
202
221
246
167
182
177
187
190
216
158
241
152
254
174
163
170
193
153
196
150
213
191
205
214
144
240
218
215
160
160
167
225
199
248
182
167
294
161
199
178
208
193
242
209
107
205
215
162
195
203
190
208
199
179
193
145
222
212
178
168
256
184
173
215
135
151
185
168
200
152
198
289
214
164
201
